9.323843002319335938e+00 7.432048320770263672e+00 6.618948459625244141e+00 6.193053722381591797e+00 5.980121612548828125e+00 0.000000000000000000e+00
4.400648117065429688e+01 4.212115478515625000e+01 4.128742218017578125e+01 4.086212539672851562e+01 4.065086364746093750e+01 9.999999776482582092e-03
4.493525695800781250e+01 4.305274200439453125e+01 4.219392013549804688e+01 4.176883697509765625e+01 4.155601501464843750e+01 1.999999955296516418e-02
4.558571624755859375e+01 4.370334625244140625e+01 4.282199096679687500e+01 4.239722442626953125e+01 4.217847824096679688e+01 2.999999932944774628e-02
4.612896728515625000e+01 4.423887634277343750e+01 4.333366394042968750e+01 4.290777587890625000e+01 4.268379592895507812e+01 3.999999910593032837e-02
4.655490875244140625e+01 4.466025543212890625e+01 4.373350143432617188e+01 4.330628967285156250e+01 4.307808303833007812e+01 4.999999701976776123e-02
4.695071029663085938e+01 4.504358673095703125e+01 4.409729385375976562e+01 4.366444015502929688e+01 4.342826080322265625e+01 5.999999865889549255e-02
4.726985931396484375e+01 4.535146713256835938e+01 4.439379882812500000e+01 4.395466613769531250e+01 4.371146011352539062e+01 7.000000029802322388e-02
4.758651733398437500e+01 4.565661239624023438e+01 4.468027496337890625e+01 4.423266601562500000e+01 4.398535537719726562e+01 7.999999821186065674e-02
4.784524536132812500e+01 4.590895080566406250e+01 4.491420364379882812e+01 4.446047973632812500e+01 4.421225357055664062e+01 8.999999612569808960e-02
4.811596679687500000e+01 4.616727066040039062e+01 4.514899063110351562e+01 4.469139480590820312e+01 4.443739318847656250e+01 9.999999403953552246e-02
4.834006500244140625e+01 4.637996673583984375e+01 4.533971405029296875e+01 4.488292312622070312e+01 4.462558746337890625e+01 1.099999994039535522e-01
4.858570861816406250e+01 4.660876846313476562e+01 4.554112625122070312e+01 4.508449935913085938e+01 4.481916427612304688e+01 1.199999973177909851e-01
4.878842544555664062e+01 4.679721832275390625e+01 4.570566177368164062e+01 4.524741363525390625e+01 4.497945785522460938e+01 1.299999952316284180e-01
4.901802825927734375e+01 4.700368881225585938e+01 4.588489913940429688e+01 4.542112350463867188e+01 4.515008163452148438e+01 1.400000005960464478e-01
4.910831069946289062e+01 4.706789016723632812e+01 4.592014694213867188e+01 4.544715118408203125e+01 4.517573547363281250e+01 1.499999910593032837e-01
4.941830825805664062e+01 4.736391448974609375e+01 4.618800735473632812e+01 4.570716857910156250e+01 4.544039154052734375e+01 1.599999964237213135e-01
4.958949661254882812e+01 4.751430892944335938e+01 4.631182098388671875e+01 4.582304382324218750e+01 4.556284332275390625e+01 1.700000017881393433e-01
4.979375076293945312e+01 4.768986129760742188e+01 4.645777511596679688e+01 4.595755767822265625e+01 4.570164489746093750e+01 1.799999922513961792e-01
4.998774719238281250e+01 4.786170578002929688e+01 4.659862899780273438e+01 4.608766555786132812e+01 4.583434295654296875e+01 1.899999976158142090e-01
5.013761520385742188e+01 4.799547576904296875e+01 4.670615386962890625e+01 4.618769454956054688e+01 4.593532562255859375e+01 1.999999880790710449e-01
5.032463836669921875e+01 4.815876770019531250e+01 4.683547210693359375e+01 4.630766677856445312e+01 4.605556106567382812e+01 2.099999934434890747e-01
5.046442413330078125e+01 4.828372573852539062e+01 4.693148040771484375e+01 4.639667510986328125e+01 4.614765167236328125e+01 2.199999988079071045e-01
5.064679336547851562e+01 4.844001007080078125e+01 4.705093765258789062e+01 4.650793457031250000e+01 4.625697326660156250e+01 2.299999892711639404e-01
5.082809448242187500e+01 4.859078216552734375e+01 4.716821670532226562e+01 4.661545181274414062e+01 4.636341476440429688e+01 2.399999946355819702e-01
5.096165084838867188e+01 4.869908905029296875e+01 4.725335693359375000e+01 4.669332122802734375e+01 4.644324111938476562e+01 2.500000000000000000e-01
5.113927078247070312e+01 4.883955764770507812e+01 4.736526107788085938e+01 4.679459381103515625e+01 4.654697799682617188e+01 2.599999904632568359e-01
5.123914718627929688e+01 4.890233230590820312e+01 4.740197753906250000e+01 4.681959533691406250e+01 4.657555007934570312e+01 2.699999809265136719e-01
5.143808746337890625e+01 4.906831741333007812e+01 4.755267333984375000e+01 4.696186447143554688e+01 4.672292709350585938e+01 2.800000011920928955e-01
5.160712814331054688e+01 4.919620513916015625e+01 4.765969467163085938e+01 4.705550384521484375e+01 4.681813430786132812e+01 2.899999916553497314e-01
5.171168899536132812e+01 4.925601959228515625e+01 4.769915008544921875e+01 4.708168029785156250e+01 4.684329223632812500e+01 2.999999821186065674e-01
5.189451980590820312e+01 4.940685653686523438e+01 4.783484649658203125e+01 4.720949172973632812e+01 4.696630477905273438e+01 3.100000023841857910e-01
5.205530548095703125e+01 4.952858352661132812e+01 4.793239974975585938e+01 4.729716110229492188e+01 4.704598999023437500e+01 3.199999928474426270e-01
5.216635131835937500e+01 4.960851669311523438e+01 4.799451446533203125e+01 4.735443496704101562e+01 4.709485244750976562e+01 3.299999833106994629e-01
5.231241607666015625e+01 4.972789382934570312e+01 4.808728790283203125e+01 4.743811035156250000e+01 4.717060852050781250e+01 3.400000035762786865e-01
5.239901351928710938e+01 4.980519104003906250e+01 4.814705276489257812e+01 4.749162292480468750e+01 4.722055053710937500e+01 3.499999940395355225e-01
5.252362060546875000e+01 4.992273712158203125e+01 4.823845291137695312e+01 4.757300567626953125e+01 4.729889678955078125e+01 3.599999845027923584e-01
5.264067840576171875e+01 5.004057693481445312e+01 4.832835388183593750e+01 4.765351104736328125e+01 4.737245178222656250e+01 3.700000047683715820e-01
5.271421051025390625e+01 5.011268615722656250e+01 4.838516998291015625e+01 4.770451736450195312e+01 4.741463088989257812e+01 3.799999952316284180e-01
5.282603454589843750e+01 5.021480560302734375e+01 4.847634506225585938e+01 4.778258514404296875e+01 4.748331069946289062e+01 3.899999856948852539e-01
5.293639373779296875e+01 5.031008911132812500e+01 4.856915664672851562e+01 4.785869598388671875e+01 4.755106353759765625e+01 3.999999761581420898e-01
5.305049896240234375e+01 5.040173339843750000e+01 4.866205596923828125e+01 4.793261337280273438e+01 4.761867904663085938e+01 4.099999964237213135e-01
5.312772369384765625e+01 5.044759368896484375e+01 4.872092056274414062e+01 4.797398376464843750e+01 4.765756225585937500e+01 4.199999868869781494e-01
5.325072097778320312e+01 5.053340530395507812e+01 4.881537246704101562e+01 4.804475402832031250e+01 4.772336196899414062e+01 4.299999773502349854e-01
5.336837005615234375e+01 5.061721801757812500e+01 4.891089248657226562e+01 4.811513900756835938e+01 4.778853607177734375e+01 4.399999976158142090e-01
5.344952392578125000e+01 5.065938949584960938e+01 4.896994781494140625e+01 4.815377426147460938e+01 4.782143783569335938e+01 4.499999880790710449e-01
5.356200790405273438e+01 5.074399948120117188e+01 4.906301116943359375e+01 4.822146606445312500e+01 4.788578796386718750e+01 4.599999785423278809e-01
5.366239929199218750e+01 5.082947540283203125e+01 4.915427398681640625e+01 4.828761291503906250e+01 4.794765472412109375e+01 4.699999988079071045e-01
5.371749114990234375e+01 5.086919784545898438e+01 4.920598220825195312e+01 4.831722259521484375e+01 4.797555541992187500e+01 4.799999892711639404e-01
5.379778289794921875e+01 5.095816421508789062e+01 4.929699325561523438e+01 4.838086700439453125e+01 4.803694534301757812e+01 4.899999797344207764e-01
5.387541961669921875e+01 5.104898071289062500e+01 4.938781738281250000e+01 4.844368743896484375e+01 4.809481048583984375e+01 5.000000000000000000e-01
5.394760513305664062e+01 5.114086151123046875e+01 4.947728729248046875e+01 4.850597381591796875e+01 4.815215682983398438e+01 5.099999904632568359e-01
5.396065139770507812e+01 5.118065261840820312e+01 4.951993942260742188e+01 4.852373504638671875e+01 4.816806030273437500e+01 5.199999809265136719e-01
5.402632522583007812e+01 5.126755142211914062e+01 4.960991668701171875e+01 4.858414077758789062e+01 4.822332382202148438e+01 5.299999713897705078e-01
5.405821228027343750e+01 5.131656646728515625e+01 4.966450881958007812e+01 4.860971450805664062e+01 4.824774169921875000e+01 5.399999618530273438e-01
5.409857559204101562e+01 5.138463973999023438e+01 4.974161529541015625e+01 4.866422653198242188e+01 4.830591201782226562e+01 5.500000119209289551e-01
5.416513061523437500e+01 5.146794891357421875e+01 4.982598876953125000e+01 4.872312164306640625e+01 4.836371231079101562e+01 5.600000023841857910e-01
5.423219680786132812e+01 5.155324172973632812e+01 4.990896606445312500e+01 4.878302001953125000e+01 4.842133331298828125e+01 5.699999928474426270e-01
5.429825592041015625e+01 5.163736343383789062e+01 4.999097061157226562e+01 4.884287643432617188e+01 4.847802734375000000e+01 5.799999833106994629e-01
5.429261016845703125e+01 5.166841125488281250e+01 5.002399826049804688e+01 4.886169433593750000e+01 4.849500656127929688e+01 5.899999737739562988e-01
5.432647705078125000e+01 5.172150039672851562e+01 5.007086181640625000e+01 4.888862228393554688e+01 4.852091598510742188e+01 5.999999642372131348e-01
5.441800308227539062e+01 5.183649826049804688e+01 5.017570114135742188e+01 4.897494125366210938e+01 4.860354614257812500e+01 6.100000143051147461e-01
5.447917175292968750e+01 5.192266082763671875e+01 5.025113677978515625e+01 4.903015518188476562e+01 4.865170288085937500e+01 6.200000047683715820e-01
5.447327804565429688e+01 5.195318984985351562e+01 5.027838134765625000e+01 4.904508590698242188e+01 4.866618728637695312e+01 6.299999952316284180e-01
5.453807830810546875e+01 5.203971481323242188e+01 5.035348510742187500e+01 4.910171508789062500e+01 4.871839523315429688e+01 6.399999856948852539e-01
5.460361862182617188e+01 5.212800598144531250e+01 5.042855834960937500e+01 4.915900802612304688e+01 4.877118682861328125e+01 6.499999761581420898e-01
5.467050552368164062e+01 5.221859359741210938e+01 5.050339508056640625e+01 4.921608352661132812e+01 4.882085800170898438e+01 6.599999666213989258e-01
5.467350387573242188e+01 5.225156021118164062e+01 5.052507019042968750e+01 4.922965240478515625e+01 4.882779693603515625e+01 6.699999570846557617e-01
5.474354934692382812e+01 5.234428024291992188e+01 5.059788894653320312e+01 4.928592300415039062e+01 4.887469100952148438e+01 6.800000071525573730e-01
5.481704330444335938e+01 5.243625259399414062e+01 5.067132949829101562e+01 4.934299850463867188e+01 4.892135238647460938e+01 6.899999976158142090e-01
5.488987350463867188e+01 5.252362442016601562e+01 5.074580001831054688e+01 4.940089797973632812e+01 4.896840286254882812e+01 6.999999880790710449e-01
5.496359634399414062e+01 5.260801696777343750e+01 5.082181930541992188e+01 4.945803451538085938e+01 4.901609802246093750e+01 7.099999785423278809e-01
5.496662902832031250e+01 5.262562561035156250e+01 5.083876037597656250e+01 4.946876144409179688e+01 4.902198028564453125e+01 7.199999690055847168e-01
5.503855895996093750e+01 5.271062088012695312e+01 5.090568161010742188e+01 4.952523803710937500e+01 4.906707382202148438e+01 7.299999594688415527e-01
5.511315917968750000e+01 5.279592514038085938e+01 5.096529769897460938e+01 4.958398437500000000e+01 4.911105728149414062e+01 7.400000095367431641e-01
5.518651580810546875e+01 5.288421630859375000e+01 5.102054977416992188e+01 4.964468765258789062e+01 4.915620040893554688e+01 7.500000000000000000e-01
5.525887680053710938e+01 5.297262191772460938e+01 5.107365417480468750e+01 4.970676040649414062e+01 4.920019912719726562e+01 7.599999904632568359e-01
5.524228286743164062e+01 5.298654937744140625e+01 5.105892181396484375e+01 4.970354843139648438e+01 4.918046951293945312e+01 7.699999809265136719e-01
5.531420135498046875e+01 5.307682037353515625e+01 5.110890960693359375e+01 4.976574325561523438e+01 4.922451400756835938e+01 7.799999713897705078e-01
5.538507461547851562e+01 5.316658782958984375e+01 5.115688323974609375e+01 4.982884597778320312e+01 4.926845550537109375e+01 7.899999618530273438e-01
5.545473861694335938e+01 5.325523376464843750e+01 5.120491409301757812e+01 4.989229583740234375e+01 4.931455230712890625e+01 7.999999523162841797e-01
5.552428054809570312e+01 5.334514617919921875e+01 5.125509643554687500e+01 4.995698928833007812e+01 4.935599136352539062e+01 8.100000023841857910e-01
5.551978302001953125e+01 5.335123825073242188e+01 5.123823928833007812e+01 4.995861053466796875e+01 4.934027862548828125e+01 8.199999928474426270e-01
5.558650588989257812e+01 5.343876647949218750e+01 5.129016876220703125e+01 5.002401733398437500e+01 4.938397216796875000e+01 8.299999833106994629e-01
5.564908981323242188e+01 5.352728652954101562e+01 5.133977127075195312e+01 5.008877182006835938e+01 4.941988754272460938e+01 8.399999737739562988e-01
5.570904922485351562e+01 5.361623764038085938e+01 5.139179229736328125e+01 5.015363311767578125e+01 4.946393203735351562e+01 8.499999642372131348e-01
5.576485061645507812e+01 5.370743179321289062e+01 5.144597625732421875e+01 5.021922683715820312e+01 4.951049423217773438e+01 8.599999547004699707e-01
5.574496459960937500e+01 5.371141815185546875e+01 5.143235397338867188e+01 5.021742248535156250e+01 4.949673461914062500e+01 8.700000047683715820e-01
5.579526901245117188e+01 5.380661010742187500e+01 5.148891830444335938e+01 5.027980041503906250e+01 4.954212951660156250e+01 8.799999952316284180e-01
5.584469985961914062e+01 5.390557861328125000e+01 5.154531860351562500e+01 5.034043502807617188e+01 4.958590316772460938e+01 8.899999856948852539e-01
5.589229965209960938e+01 5.400115203857421875e+01 5.159881591796875000e+01 5.040020751953125000e+01 4.962822341918945312e+01 8.999999761581420898e-01
5.593632888793945312e+01 5.409099197387695312e+01 5.165092849731445312e+01 5.045781707763671875e+01 4.967369079589843750e+01 9.099999666213989258e-01
5.589503479003906250e+01 5.406890487670898438e+01 5.162610244750976562e+01 5.044561004638671875e+01 4.965711212158203125e+01 9.199999570846557617e-01
5.593591690063476562e+01 5.414287185668945312e+01 5.167821884155273438e+01 5.050401306152343750e+01 4.970299148559570312e+01 9.300000071525573730e-01
5.597656250000000000e+01 5.421025466918945312e+01 5.173191452026367188e+01 5.055976867675781250e+01 4.974944305419921875e+01 9.399999976158142090e-01
5.601496505737304688e+01 5.427464675903320312e+01 5.178722000122070312e+01 5.061474609375000000e+01 4.979448318481445312e+01 9.499999880790710449e-01
5.605324554443359375e+01 5.432745361328125000e+01 5.184299087524414062e+01 5.066862487792968750e+01 4.983558273315429688e+01 9.599999785423278809e-01
5.608974838256835938e+01 5.437913131713867188e+01 5.189930725097656250e+01 5.072319793701171875e+01 4.988313674926757812e+01 9.699999690055847168e-01
5.600017547607421875e+01 5.431124496459960938e+01 5.186549377441406250e+01 5.069094848632812500e+01 4.984152603149414062e+01 9.799999594688415527e-01
5.603797149658203125e+01 5.436234283447265625e+01 5.192238616943359375e+01 5.074674224853515625e+01 4.988755798339843750e+01 9.899999499320983887e-01
5.607488250732421875e+01 5.441531753540039062e+01 5.197935104370117188e+01 5.080171966552734375e+01 4.993210983276367188e+01 1.000000000000000000e+00
5.611053466796875000e+01 5.447240066528320312e+01 5.203836059570312500e+01 5.085703277587890625e+01 4.997863769531250000e+01 1.009999990463256836e+00
5.614754486083984375e+01 5.453266906738281250e+01 5.209820938110351562e+01 5.091230010986328125e+01 5.003331375122070312e+01 1.019999980926513672e+00
5.618335723876953125e+01 5.460046005249023438e+01 5.215678024291992188e+01 5.096915054321289062e+01 5.008278656005859375e+01 1.029999971389770508e+00
5.621652984619140625e+01 5.467189025878906250e+01 5.221514511108398438e+01 5.102276992797851562e+01 5.013901901245117188e+01 1.039999961853027344e+00
5.617130661010742188e+01 5.462470245361328125e+01 5.218064117431640625e+01 5.098897933959960938e+01 5.010339736938476562e+01 1.049999952316284180e+00
5.620742034912109375e+01 5.470776748657226562e+01 5.223839569091796875e+01 5.104573059082031250e+01 5.015912628173828125e+01 1.059999942779541016e+00
5.622575759887695312e+01 5.477468109130859375e+01 5.228211593627929688e+01 5.108640289306640625e+01 5.019813156127929688e+01 1.069999933242797852e+00
5.625915908813476562e+01 5.485416030883789062e+01 5.234316635131835938e+01 5.114412689208984375e+01 5.025088119506835938e+01 1.079999923706054688e+00
5.630106353759765625e+01 5.494145202636718750e+01 5.241875839233398438e+01 5.121428680419921875e+01 5.032200622558593750e+01 1.090000033378601074e+00
5.633054351806640625e+01 5.500313568115234375e+01 5.248209381103515625e+01 5.126480102539062500e+01 5.037388610839843750e+01 1.100000023841857910e+00
5.635797500610351562e+01 5.505768585205078125e+01 5.254368209838867188e+01 5.130753707885742188e+01 5.043182754516601562e+01 1.110000014305114746e+00
5.632960510253906250e+01 5.497153854370117188e+01 5.250252914428710938e+01 5.125440597534179688e+01 5.040353012084960938e+01 1.120000004768371582e+00
5.635231781005859375e+01 5.501892852783203125e+01 5.256050491333007812e+01 5.129034805297851562e+01 5.045568466186523438e+01 1.129999995231628418e+00
5.637911605834960938e+01 5.506596755981445312e+01 5.261769485473632812e+01 5.132748413085937500e+01 5.050738906860351562e+01 1.139999985694885254e+00
5.640618896484375000e+01 5.511329650878906250e+01 5.267568206787109375e+01 5.136576080322265625e+01 5.056097030639648438e+01 1.149999976158142090e+00
5.643154907226562500e+01 5.515662765502929688e+01 5.273464584350585938e+01 5.140324020385742188e+01 5.060778045654296875e+01 1.159999966621398926e+00
5.645636367797851562e+01 5.519661712646484375e+01 5.279461288452148438e+01 5.143999862670898438e+01 5.065183639526367188e+01 1.169999957084655762e+00
5.648252105712890625e+01 5.523472213745117188e+01 5.285612106323242188e+01 5.147604751586914062e+01 5.070154190063476562e+01 1.179999947547912598e+00
5.642968750000000000e+01 5.500762557983398438e+01 5.271128845214843750e+01 5.133789443969726562e+01 5.058917236328125000e+01 1.189999938011169434e+00
5.644077682495117188e+01 5.503321456909179688e+01 5.276322555541992188e+01 5.136158370971679688e+01 5.062309265136718750e+01 1.199999928474426270e+00
5.646576309204101562e+01 5.507307815551757812e+01 5.282712554931640625e+01 5.139865875244140625e+01 5.066107177734375000e+01 1.209999918937683105e+00
5.650421905517578125e+01 5.512784194946289062e+01 5.290366744995117188e+01 5.144763183593750000e+01 5.071823120117187500e+01 1.220000028610229492e+00
5.653107070922851562e+01 5.517320632934570312e+01 5.296811294555664062e+01 5.148343658447265625e+01 5.076422882080078125e+01 1.230000019073486328e+00
5.655564880371093750e+01 5.522166442871093750e+01 5.303235626220703125e+01 5.151871109008789062e+01 5.081475448608398438e+01 1.240000009536743164e+00
5.658098983764648438e+01 5.526966857910156250e+01 5.309574508666992188e+01 5.155437088012695312e+01 5.085927581787109375e+01 1.250000000000000000e+00
5.655130004882812500e+01 5.522026062011718750e+01 5.307760620117187500e+01 5.152401733398437500e+01 5.083948135375976562e+01 1.259999990463256836e+00
5.657229995727539062e+01 5.526464462280273438e+01 5.314120483398437500e+01 5.156271743774414062e+01 5.088419723510742188e+01 1.269999980926513672e+00
5.659668350219726562e+01 5.530258941650390625e+01 5.320711517333984375e+01 5.160262680053710938e+01 5.092870330810546875e+01 1.279999971389770508e+00
5.662132644653320312e+01 5.533837127685546875e+01 5.327331924438476562e+01 5.164288711547851562e+01 5.097513961791992188e+01 1.289999961853027344e+00
5.662292861938476562e+01 5.532674789428710938e+01 5.330278396606445312e+01 5.164865112304687500e+01 5.098748397827148438e+01 1.299999952316284180e+00
5.664552307128906250e+01 5.535899353027343750e+01 5.337089538574218750e+01 5.168669128417968750e+01 5.103415298461914062e+01 1.309999942779541016e+00
5.666754913330078125e+01 5.539167022705078125e+01 5.343999099731445312e+01 5.172355651855468750e+01 5.107424163818359375e+01 1.319999933242797852e+00
5.658508300781250000e+01 5.530255889892578125e+01 5.343150329589843750e+01 5.169598388671875000e+01 5.106005096435546875e+01 1.329999923706054688e+00
5.660524749755859375e+01 5.533692169189453125e+01 5.350374221801757812e+01 5.173044204711914062e+01 5.110264587402343750e+01 1.339999914169311523e+00
5.662635803222656250e+01 5.537204742431640625e+01 5.357872390747070312e+01 5.176528167724609375e+01 5.114951705932617188e+01 1.350000023841857910e+00
5.664717483520507812e+01 5.541004180908203125e+01 5.365372467041015625e+01 5.180166625976562500e+01 5.119686508178710938e+01 1.360000014305114746e+00
5.666703796386718750e+01 5.535645675659179688e+01 5.364676666259765625e+01 5.176848220825195312e+01 5.117471313476562500e+01 1.370000004768371582e+00
5.668979263305664062e+01 5.540148162841796875e+01 5.371545410156250000e+01 5.180501937866210938e+01 5.122313308715820312e+01 1.379999995231628418e+00
5.671182250976562500e+01 5.544914627075195312e+01 5.378017044067382812e+01 5.184150314331054688e+01 5.126348876953125000e+01 1.389999985694885254e+00
5.673283004760742188e+01 5.549903106689453125e+01 5.384086990356445312e+01 5.187804412841796875e+01 5.128291702270507812e+01 1.399999976158142090e+00
5.674805068969726562e+01 5.544261932373046875e+01 5.380583572387695312e+01 5.184210968017578125e+01 5.124179840087890625e+01 1.409999966621398926e+00
5.677001190185546875e+01 5.549124145507812500e+01 5.385736083984375000e+01 5.188026428222656250e+01 5.125945281982421875e+01 1.419999957084655762e+00
5.679115295410156250e+01 5.554193496704101562e+01 5.390356445312500000e+01 5.191891860961914062e+01 5.129528045654296875e+01 1.429999947547912598e+00
5.681282424926757812e+01 5.548617172241210938e+01 5.385562133789062500e+01 5.188919448852539062e+01 5.125899887084960938e+01 1.439999938011169434e+00
5.683553314208984375e+01 5.553883743286132812e+01 5.388781356811523438e+01 5.193100357055664062e+01 5.128593063354492188e+01 1.449999928474426270e+00
5.685713958740234375e+01 5.559226989746093750e+01 5.391856765747070312e+01 5.197441482543945312e+01 5.132007598876953125e+01 1.459999918937683105e+00
5.687701416015625000e+01 5.564664840698242188e+01 5.394952011108398438e+01 5.201844787597656250e+01 5.135652923583984375e+01 1.469999909400939941e+00
5.691007232666015625e+01 5.557976531982421875e+01 5.388361358642578125e+01 5.199061584472656250e+01 5.131475448608398438e+01 1.480000019073486328e+00
5.693083190917968750e+01 5.563632965087890625e+01 5.391484451293945312e+01 5.203546524047851562e+01 5.134333038330078125e+01 1.490000009536743164e+00
5.695096588134765625e+01 5.569456100463867188e+01 5.394709396362304688e+01 5.208126068115234375e+01 5.137977218627929688e+01 1.500000000000000000e+00
5.696970748901367188e+01 5.575401687622070312e+01 5.398197555541992188e+01 5.212789916992187500e+01 5.141027450561523438e+01 1.509999990463256836e+00
5.699188232421875000e+01 5.581322097778320312e+01 5.401500701904296875e+01 5.217580032348632812e+01 5.144540786743164062e+01 1.519999980926513672e+00
5.700564575195312500e+01 5.573041915893554688e+01 5.394622802734375000e+01 5.214315414428710938e+01 5.140456390380859375e+01 1.529999971389770508e+00
5.702402114868164062e+01 5.579117965698242188e+01 5.398633956909179688e+01 5.219038391113281250e+01 5.143243408203125000e+01 1.539999961853027344e+00
5.704543685913085938e+01 5.585301971435546875e+01 5.403197097778320312e+01 5.223666763305664062e+01 5.145931625366210938e+01 1.549999952316284180e+00
5.706104278564453125e+01 5.591424560546875000e+01 5.408132934570312500e+01 5.228184127807617188e+01 5.148963165283203125e+01 1.559999942779541016e+00
5.708351898193359375e+01 5.582329177856445312e+01 5.401314544677734375e+01 5.224043273925781250e+01 5.144536590576171875e+01 1.569999933242797852e+00
5.710600662231445312e+01 5.588782501220703125e+01 5.406545257568359375e+01 5.228026580810546875e+01 5.147675704956054688e+01 1.579999923706054688e+00
5.712711334228515625e+01 5.595198440551757812e+01 5.411512756347656250e+01 5.231916046142578125e+01 5.150925064086914062e+01 1.589999914169311523e+00
5.715206146240234375e+01 5.601982879638671875e+01 5.416250991821289062e+01 5.235652923583984375e+01 5.154473495483398438e+01 1.599999904632568359e+00
5.716541290283203125e+01 5.591861724853515625e+01 5.407248306274414062e+01 5.230290603637695312e+01 5.149575042724609375e+01 1.610000014305114746e+00
5.718920898437500000e+01 5.599058151245117188e+01 5.410577011108398438e+01 5.234035873413085938e+01 5.152683639526367188e+01 1.620000004768371582e+00
5.721788406372070312e+01 5.606215667724609375e+01 5.413315582275390625e+01 5.237998199462890625e+01 5.155564498901367188e+01 1.629999995231628418e+00
5.722655868530273438e+01 5.609225463867187500e+01 5.412999343872070312e+01 5.240080642700195312e+01 5.156655120849609375e+01 1.639999985694885254e+00
5.725307083129882812e+01 5.616058349609375000e+01 5.415363693237304688e+01 5.244308471679687500e+01 5.159293746948242188e+01 1.649999976158142090e+00
5.723030471801757812e+01 5.607344055175781250e+01 5.407428359985351562e+01 5.241641616821289062e+01 5.155772781372070312e+01 1.659999966621398926e+00
5.725427627563476562e+01 5.613270187377929688e+01 5.409915161132812500e+01 5.246123504638671875e+01 5.158631896972656250e+01 1.669999957084655762e+00
5.727814865112304688e+01 5.618930435180664062e+01 5.412377166748046875e+01 5.250664138793945312e+01 5.161856842041015625e+01 1.679999947547912598e+00
5.730006408691406250e+01 5.624494934082031250e+01 5.414880371093750000e+01 5.255277252197265625e+01 5.165024566650390625e+01 1.689999938011169434e+00
5.732580947875976562e+01 5.629696655273437500e+01 5.417224884033203125e+01 5.259903717041015625e+01 5.167955780029296875e+01 1.699999928474426270e+00
5.735205841064453125e+01 5.634791946411132812e+01 5.419464492797851562e+01 5.264676284790039062e+01 5.170979309082031250e+01 1.709999918937683105e+00
5.737923812866210938e+01 5.639784622192382812e+01 5.421535110473632812e+01 5.269417190551757812e+01 5.173910522460937500e+01 1.719999909400939941e+00
5.728780746459960938e+01 5.604283905029296875e+01 5.395336151123046875e+01 5.254691696166992188e+01 5.160784912109375000e+01 1.730000019073486328e+00
5.731626510620117188e+01 5.609367752075195312e+01 5.397439956665039062e+01 5.259377288818359375e+01 5.163440322875976562e+01 1.740000009536743164e+00
5.734404373168945312e+01 5.614642333984375000e+01 5.399605560302734375e+01 5.264081573486328125e+01 5.166064834594726562e+01 1.750000000000000000e+00
5.736882781982421875e+01 5.619981384277343750e+01 5.402048110961914062e+01 5.268814468383789062e+01 5.169040679931640625e+01 1.759999990463256836e+00
5.738731765747070312e+01 5.625392532348632812e+01 5.404589843750000000e+01 5.273603820800781250e+01 5.172267150878906250e+01 1.769999980926513672e+00
5.740253448486328125e+01 5.630932235717773438e+01 5.407245635986328125e+01 5.278321838378906250e+01 5.175530242919921875e+01 1.779999971389770508e+00
5.742374801635742188e+01 5.636315155029296875e+01 5.410153961181640625e+01 5.283070373535156250e+01 5.178577423095703125e+01 1.789999961853027344e+00
5.743584823608398438e+01 5.641860580444335938e+01 5.413076400756835938e+01 5.287733459472656250e+01 5.182431030273437500e+01 1.799999952316284180e+00
5.696763229370117188e+01 5.595782089233398438e+01 5.385505676269531250e+01 5.271302795410156250e+01 5.169174957275390625e+01 1.809999942779541016e+00
5.698635482788085938e+01 5.600577545166015625e+01 5.388236999511718750e+01 5.275611114501953125e+01 5.172076416015625000e+01 1.819999933242797852e+00
5.700064468383789062e+01 5.605109786987304688e+01 5.390741348266601562e+01 5.280068588256835938e+01 5.175026702880859375e+01 1.829999923706054688e+00
5.701631164550781250e+01 5.609510040283203125e+01 5.393007659912109375e+01 5.284455108642578125e+01 5.178656768798828125e+01 1.839999914169311523e+00
5.703412246704101562e+01 5.613769149780273438e+01 5.395224380493164062e+01 5.289009475708007812e+01 5.182680511474609375e+01 1.849999904632568359e+00
5.705200958251953125e+01 5.618060684204101562e+01 5.397145080566406250e+01 5.293643569946289062e+01 5.187128448486328125e+01 1.860000014305114746e+00
5.706416702270507812e+01 5.622480773925781250e+01 5.398989486694335938e+01 5.298492050170898438e+01 5.191100692749023438e+01 1.870000004768371582e+00
5.707845687866210938e+01 5.626944732666015625e+01 5.400795745849609375e+01 5.303306579589843750e+01 5.194766616821289062e+01 1.879999995231628418e+00
5.709539794921875000e+01 5.631483840942382812e+01 5.402585983276367188e+01 5.308077239990234375e+01 5.198429107666015625e+01 1.889999985694885254e+00
5.710142517089843750e+01 5.601015090942382812e+01 5.374355316162109375e+01 5.289441299438476562e+01 5.182352447509765625e+01 1.899999976158142090e+00
5.711964416503906250e+01 5.606102371215820312e+01 5.376083374023437500e+01 5.293996429443359375e+01 5.186328125000000000e+01 1.909999966621398926e+00
5.713458251953125000e+01 5.611232757568359375e+01 5.377910995483398438e+01 5.298172760009765625e+01 5.189857864379882812e+01 1.919999957084655762e+00
5.714963912963867188e+01 5.616257858276367188e+01 5.379845046997070312e+01 5.302183914184570312e+01 5.192830276489257812e+01 1.929999947547912598e+00
5.716227722167968750e+01 5.621278381347656250e+01 5.381761932373046875e+01 5.306017303466796875e+01 5.195708465576171875e+01 1.939999938011169434e+00
5.717365264892578125e+01 5.626169586181640625e+01 5.383858108520507812e+01 5.309778594970703125e+01 5.198835754394531250e+01 1.949999928474426270e+00
5.718730926513671875e+01 5.631077957153320312e+01 5.386163330078125000e+01 5.313382339477539062e+01 5.201909255981445312e+01 1.959999918937683105e+00
5.720032119750976562e+01 5.635798645019531250e+01 5.388645553588867188e+01 5.316351699829101562e+01 5.204824066162109375e+01 1.969999909400939941e+00
5.755111312866210938e+01 5.608844757080078125e+01 5.360434722900390625e+01 5.295129776000976562e+01 5.190740585327148438e+01 1.979999899864196777e+00
5.756725311279296875e+01 5.614228820800781250e+01 5.363069152832031250e+01 5.297146987915039062e+01 5.193719482421875000e+01 1.990000009536743164e+00
5.758438491821289062e+01 5.619756317138671875e+01 5.365739822387695312e+01 5.299025344848632812e+01 5.196915817260742188e+01 2.000000000000000000e+00
5.760186386108398438e+01 5.625470733642578125e+01 5.368427658081054688e+01 5.301002883911132812e+01 5.199653244018554688e+01 2.009999990463256836e+00
5.761725616455078125e+01 5.631457901000976562e+01 5.371130371093750000e+01 5.303129577636718750e+01 5.202429962158203125e+01 2.019999980926513672e+00
5.763206863403320312e+01 5.637501907348632812e+01 5.373754501342773438e+01 5.305178451538085938e+01 5.205482864379882812e+01 2.029999971389770508e+00
5.764657974243164062e+01 5.643964767456054688e+01 5.376431274414062500e+01 5.307153320312500000e+01 5.208914184570312500e+01 2.039999961853027344e+00
5.763418579101562500e+01 5.599956893920898438e+01 5.343230819702148438e+01 5.283803176879882812e+01 5.194655227661132812e+01 2.049999952316284180e+00
5.764946746826171875e+01 5.606890487670898438e+01 5.345709991455078125e+01 5.285961151123046875e+01 5.198345565795898438e+01 2.059999942779541016e+00
5.766067123413085938e+01 5.613695526123046875e+01 5.348182678222656250e+01 5.288245010375976562e+01 5.201963424682617188e+01 2.069999933242797852e+00
5.767353439331054688e+01 5.620820617675781250e+01 5.350715255737304688e+01 5.290764617919921875e+01 5.205480575561523438e+01 2.079999923706054688e+00
5.768731689453125000e+01 5.627862930297851562e+01 5.353237152099609375e+01 5.293313217163085938e+01 5.208913803100585938e+01 2.089999914169311523e+00
5.770201110839843750e+01 5.635088348388671875e+01 5.355757141113281250e+01 5.296084213256835938e+01 5.212331771850585938e+01 2.099999904632568359e+00
5.771727371215820312e+01 5.642166900634765625e+01 5.358371734619140625e+01 5.298824310302734375e+01 5.215674972534179688e+01 2.109999895095825195e+00
5.768755722045898438e+01 5.591958236694335938e+01 5.323049163818359375e+01 5.274514770507812500e+01 5.199614334106445312e+01 2.119999885559082031e+00
5.769538116455078125e+01 5.598838043212890625e+01 5.324966430664062500e+01 5.276564788818359375e+01 5.202186203002929688e+01 2.129999876022338867e+00
5.770792007446289062e+01 5.606357192993164062e+01 5.327402496337890625e+01 5.279256439208984375e+01 5.205629730224609375e+01 2.139999866485595703e+00
5.771994400024414062e+01 5.614097595214843750e+01 5.329931259155273438e+01 5.281795120239257812e+01 5.209091567993164062e+01 2.149999856948852539e+00
5.773318099975585938e+01 5.621873092651367188e+01 5.332390975952148438e+01 5.284376907348632812e+01 5.212646865844726562e+01 2.159999847412109375e+00
5.774575424194335938e+01 5.630202865600585938e+01 5.334915161132812500e+01 5.286576080322265625e+01 5.216205978393554688e+01 2.169999837875366211e+00
5.776328277587890625e+01 5.638959121704101562e+01 5.337924194335937500e+01 5.289098358154296875e+01 5.220327758789062500e+01 2.180000066757202148e+00
5.771337509155273438e+01 5.575362396240234375e+01 5.299284362792968750e+01 5.261016082763671875e+01 5.201219177246093750e+01 2.190000057220458984e+00
5.772727584838867188e+01 5.582641220092773438e+01 5.301525497436523438e+01 5.262339019775390625e+01 5.204106903076171875e+01 2.200000047683715820e+00
5.774419403076171875e+01 5.590070343017578125e+01 5.303853225708007812e+01 5.263591003417968750e+01 5.206963348388671875e+01 2.210000038146972656e+00
5.776078796386718750e+01 5.597487640380859375e+01 5.306122970581054688e+01 5.264852142333984375e+01 5.209830856323242188e+01 2.220000028610229492e+00
5.777630233764648438e+01 5.604915618896484375e+01 5.308521270751953125e+01 5.266041946411132812e+01 5.212738418579101562e+01 2.230000019073486328e+00
5.779325485229492188e+01 5.612919998168945312e+01 5.310961151123046875e+01 5.267252349853515625e+01 5.215557098388671875e+01 2.240000009536743164e+00
5.769920349121093750e+01 5.534495544433593750e+01 5.272163009643554688e+01 5.238331604003906250e+01 5.194641494750976562e+01 2.250000000000000000e+00
5.771397399902343750e+01 5.541256332397460938e+01 5.274393081665039062e+01 5.239306259155273438e+01 5.197433090209960938e+01 2.259999990463256836e+00
5.772925186157226562e+01 5.547700500488281250e+01 5.276685333251953125e+01 5.240281677246093750e+01 5.199905395507812500e+01 2.269999980926513672e+00
5.774517822265625000e+01 5.554067230224609375e+01 5.279110336303710938e+01 5.241192245483398438e+01 5.202261734008789062e+01 2.279999971389770508e+00
5.776226043701171875e+01 5.559984207153320312e+01 5.281564712524414062e+01 5.241913604736328125e+01 5.204637527465820312e+01 2.289999961853027344e+00
5.777888107299804688e+01 5.565767669677734375e+01 5.284096908569335938e+01 5.242549133300781250e+01 5.207149124145507812e+01 2.299999952316284180e+00
5.764733886718750000e+01 5.486582565307617188e+01 5.249606704711914062e+01 5.215114212036132812e+01 5.185595321655273438e+01 2.309999942779541016e+00
5.766449356079101562e+01 5.491064453125000000e+01 5.251965332031250000e+01 5.215761184692382812e+01 5.187990951538085938e+01 2.319999933242797852e+00
5.768176651000976562e+01 5.495549774169921875e+01 5.254279327392578125e+01 5.216450881958007812e+01 5.190123367309570312e+01 2.329999923706054688e+00
5.769853973388671875e+01 5.499851989746093750e+01 5.256586456298828125e+01 5.217217254638671875e+01 5.192536544799804688e+01 2.339999914169311523e+00
5.771659469604492188e+01 5.504346084594726562e+01 5.258954238891601562e+01 5.217996597290039062e+01 5.195167922973632812e+01 2.349999904632568359e+00
5.759905624389648438e+01 5.425738525390625000e+01 5.224439239501953125e+01 5.190459442138671875e+01 5.171848678588867188e+01 2.359999895095825195e+00
5.761677932739257812e+01 5.429660034179687500e+01 5.226538467407226562e+01 5.191314315795898438e+01 5.173851013183593750e+01 2.369999885559082031e+00
5.763303375244140625e+01 5.433516311645507812e+01 5.228530120849609375e+01 5.192154312133789062e+01 5.175282669067382812e+01 2.379999876022338867e+00
5.764521789550781250e+01 5.437041091918945312e+01 5.230098724365234375e+01 5.192591857910156250e+01 5.175239181518554688e+01 2.389999866485595703e+00
5.766091156005859375e+01 5.441164779663085938e+01 5.232106781005859375e+01 5.193544769287109375e+01 5.175712203979492188e+01 2.399999856948852539e+00
5.767809295654296875e+01 5.445436477661132812e+01 5.234139251708984375e+01 5.194516372680664062e+01 5.177381896972656250e+01 2.409999847412109375e+00
5.752141952514648438e+01 5.372398757934570312e+01 5.199797439575195312e+01 5.166587829589843750e+01 5.152518463134765625e+01 2.419999837875366211e+00
5.754006576538085938e+01 5.376259231567382812e+01 5.201582717895507812e+01 5.167480087280273438e+01 5.154260253906250000e+01 2.429999828338623047e+00
5.756241989135742188e+01 5.380614471435546875e+01 5.203860092163085938e+01 5.168773269653320312e+01 5.156464004516601562e+01 2.440000057220458984e+00
5.757991027832031250e+01 5.384511184692382812e+01 5.205707550048828125e+01 5.169585037231445312e+01 5.157660675048828125e+01 2.450000047683715820e+00
5.737401580810546875e+01 5.323928833007812500e+01 5.174612045288085938e+01 5.143588638305664062e+01 5.133821487426757812e+01 2.460000038146972656e+00
5.739639663696289062e+01 5.327227401733398438e+01 5.176282119750976562e+01 5.144199752807617188e+01 5.135234069824218750e+01 2.470000028610229492e+00
5.741822052001953125e+01 5.330680465698242188e+01 5.178033065795898438e+01 5.144782257080078125e+01 5.136611938476562500e+01 2.480000019073486328e+00
5.743949127197265625e+01 5.334007263183593750e+01 5.179814910888671875e+01 5.145273590087890625e+01 5.137741851806640625e+01 2.490000009536743164e+00
5.724094390869140625e+01 5.285177612304687500e+01 5.152037811279296875e+01 5.121406173706054688e+01 5.115952682495117188e+01 2.500000000000000000e+00
5.726484680175781250e+01 5.288132095336914062e+01 5.153686904907226562e+01 5.121899795532226562e+01 5.117264938354492188e+01 2.509999990463256836e+00
5.728774261474609375e+01 5.291034317016601562e+01 5.155280685424804688e+01 5.122382354736328125e+01 5.118529510498046875e+01 2.519999980926513672e+00
5.730942153930664062e+01 5.293903350830078125e+01 5.156934738159179688e+01 5.122866439819335938e+01 5.119890594482421875e+01 2.529999971389770508e+00
5.708345794677734375e+01 5.247259140014648438e+01 5.128194427490234375e+01 5.097682952880859375e+01 5.096831130981445312e+01 2.539999961853027344e+00
5.710817718505859375e+01 5.249915695190429688e+01 5.129693984985351562e+01 5.098210525512695312e+01 5.098215866088867188e+01 2.549999952316284180e+00
5.713134002685546875e+01 5.252569580078125000e+01 5.131120300292968750e+01 5.098751068115234375e+01 5.099378967285156250e+01 2.559999942779541016e+00
5.715336990356445312e+01 5.255345916748046875e+01 5.132617187500000000e+01 5.099274444580078125e+01 5.100587463378906250e+01 2.569999933242797852e+00
5.679458236694335938e+01 5.207400894165039062e+01 5.101782989501953125e+01 5.071882629394531250e+01 5.074995422363281250e+01 2.579999923706054688e+00
5.682429122924804688e+01 5.209921646118164062e+01 5.103127288818359375e+01 5.072426223754882812e+01 5.076400375366210938e+01 2.589999914169311523e+00
5.685309219360351562e+01 5.212453460693359375e+01 5.104467391967773438e+01 5.073009109497070312e+01 5.077518844604492188e+01 2.599999904632568359e+00
5.636282730102539062e+01 5.171140289306640625e+01 5.075575256347656250e+01 5.047108840942382812e+01 5.052840805053710938e+01 2.609999895095825195e+00
5.640109252929687500e+01 5.173624038696289062e+01 5.076815032958984375e+01 5.047780990600585938e+01 5.053650665283203125e+01 2.619999885559082031e+00
5.644048690795898438e+01 5.176260375976562500e+01 5.078058624267578125e+01 5.048520278930664062e+01 5.054293060302734375e+01 2.629999876022338867e+00
5.596966934204101562e+01 5.142047882080078125e+01 5.052399063110351562e+01 5.025269317626953125e+01 5.031555938720703125e+01 2.639999866485595703e+00
5.601546478271484375e+01 5.144615936279296875e+01 5.053505706787109375e+01 5.026059722900390625e+01 5.032205581665039062e+01 2.649999856948852539e+00
5.605848312377929688e+01 5.147159194946289062e+01 5.054600524902343750e+01 5.026858901977539062e+01 5.033011245727539062e+01 2.659999847412109375e+00
5.562202835083007812e+01 5.118621826171875000e+01 5.032608032226562500e+01 5.006875610351562500e+01 5.013543701171875000e+01 2.669999837875366211e+00
5.567338180541992188e+01 5.121087265014648438e+01 5.033615493774414062e+01 5.007649230957031250e+01 5.014325332641601562e+01 2.679999828338623047e+00
5.529561996459960938e+01 5.096902465820312500e+01 5.013750839233398438e+01 4.989715957641601562e+01 4.996723937988281250e+01 2.690000057220458984e+00
5.535179519653320312e+01 5.099314880371093750e+01 5.014676666259765625e+01 4.990456008911132812e+01 4.997297668457031250e+01 2.700000047683715820e+00
5.499832534790039062e+01 5.076170349121093750e+01 4.995660400390625000e+01 4.973019409179687500e+01 4.979872894287109375e+01 2.710000038146972656e+00
5.505723190307617188e+01 5.078498840332031250e+01 4.996555709838867188e+01 4.973777008056640625e+01 4.980446624755859375e+01 2.720000028610229492e+00
5.460123825073242188e+01 5.052624130249023438e+01 4.975715637207031250e+01 4.954898452758789062e+01 4.961384201049804688e+01 2.730000019073486328e+00
5.465904235839843750e+01 5.054937744140625000e+01 4.976605987548828125e+01 4.955691909790039062e+01 4.962009811401367188e+01 2.740000009536743164e+00
5.421119308471679688e+01 5.029982757568359375e+01 4.956711959838867188e+01 4.937671279907226562e+01 4.943768310546875000e+01 2.750000000000000000e+00
5.427510833740234375e+01 5.032147216796875000e+01 4.957595443725585938e+01 4.938453292846679688e+01 4.944160079956054688e+01 2.759999990463256836e+00
5.389057540893554688e+01 5.009521865844726562e+01 4.939392089843750000e+01 4.922013854980468750e+01 4.927366638183593750e+01 2.769999980926513672e+00
5.356118011474609375e+01 4.989097976684570312e+01 4.922799301147460938e+01 4.906986999511718750e+01 4.911949157714843750e+01 2.779999971389770508e+00
5.321089553833007812e+01 4.967481994628906250e+01 4.905454254150390625e+01 4.891247177124023438e+01 4.895845794677734375e+01 2.789999961853027344e+00
5.328290939331054688e+01 4.969451904296875000e+01 4.906265258789062500e+01 4.892037200927734375e+01 4.896401596069335938e+01 2.799999952316284180e+00
5.293377304077148438e+01 4.947525024414062500e+01 4.889008331298828125e+01 4.876466369628906250e+01 4.880311203002929688e+01 2.809999942779541016e+00
5.263589477539062500e+01 4.927385330200195312e+01 4.873294448852539062e+01 4.862253570556640625e+01 4.865641021728515625e+01 2.819999933242797852e+00
5.197639083862304688e+01 4.884952926635742188e+01 4.840749359130859375e+01 4.832467269897460938e+01 4.834938430786132812e+01 2.829999923706054688e+00
5.166730499267578125e+01 4.862737274169921875e+01 4.823833084106445312e+01 4.816931533813476562e+01 4.818832015991210938e+01 2.839999914169311523e+00
5.122074127197265625e+01 4.831862258911132812e+01 4.800094985961914062e+01 4.794780731201171875e+01 4.796053314208984375e+01 2.849999904632568359e+00
5.060867309570312500e+01 4.791126632690429688e+01 4.769367599487304688e+01 4.765926361083984375e+01 4.766504669189453125e+01 2.859999895095825195e+00
4.986689758300781250e+01 4.739563751220703125e+01 4.729024887084960938e+01 4.727534484863281250e+01 4.727490997314453125e+01 2.869999885559082031e+00
4.890772247314453125e+01 4.672885894775390625e+01 4.674214935302734375e+01 4.674713134765625000e+01 4.674495315551757812e+01 2.879999876022338867e+00
4.735811996459960938e+01 4.562545013427734375e+01 4.569317626953125000e+01 4.571081542968750000e+01 4.572346115112304688e+01 2.889999866485595703e+00
4.497462844848632812e+01 4.439056015014648438e+01 4.465328979492187500e+01 4.483849334716796875e+01 4.498246765136718750e+01 2.899999856948852539e+00
4.499613189697265625e+01 4.439414596557617188e+01 4.465851211547851562e+01 4.484215164184570312e+01 4.498557662963867188e+01 2.909999847412109375e+00
4.501877975463867188e+01 4.439821624755859375e+01 4.466357803344726562e+01 4.484592437744140625e+01 4.498866271972656250e+01 2.919999837875366211e+00
4.504088211059570312e+01 4.440178680419921875e+01 4.466902923583984375e+01 4.484938812255859375e+01 4.499146270751953125e+01 2.929999828338623047e+00
4.506231307983398438e+01 4.440554046630859375e+01 4.467454528808593750e+01 4.485310745239257812e+01 4.499418258666992188e+01 2.939999818801879883e+00
4.508383941650390625e+01 4.440970993041992188e+01 4.467992019653320312e+01 4.485660171508789062e+01 4.499667739868164062e+01 2.950000047683715820e+00
4.510569763183593750e+01 4.441403961181640625e+01 4.468492889404296875e+01 4.486030578613281250e+01 4.499949264526367188e+01 2.960000038146972656e+00
4.512718582153320312e+01 4.441823196411132812e+01 4.468997955322265625e+01 4.486359786987304688e+01 4.500189208984375000e+01 2.970000028610229492e+00
4.514863967895507812e+01 4.442304611206054688e+01 4.469449234008789062e+01 4.486711883544921875e+01 4.500418472290039062e+01 2.980000019073486328e+00
4.516930389404296875e+01 4.442767715454101562e+01 4.469908523559570312e+01 4.487047958374023438e+01 4.500681686401367188e+01 2.990000009536743164e+00
4.518992614746093750e+01 4.443284606933593750e+01 4.470359420776367188e+01 4.487402343750000000e+01 4.500979995727539062e+01 3.000000000000000000e+00
4.521119308471679688e+01 4.443756866455078125e+01 4.470750808715820312e+01 4.487705993652343750e+01 4.501266098022460938e+01 3.009999990463256836e+00
4.523104476928710938e+01 4.444247817993164062e+01 4.471162033081054688e+01 4.488011932373046875e+01 4.501544952392578125e+01 3.019999980926513672e+00
4.525097656250000000e+01 4.444776535034179688e+01 4.471530532836914062e+01 4.488304138183593750e+01 4.501850509643554688e+01 3.029999971389770508e+00
4.527019882202148438e+01 4.445264053344726562e+01 4.471922302246093750e+01 4.488540649414062500e+01 4.502120208740234375e+01 3.039999961853027344e+00
4.528870773315429688e+01 4.445795440673828125e+01 4.472283554077148438e+01 4.488778686523437500e+01 4.502423858642578125e+01 3.049999952316284180e+00
4.530616378784179688e+01 4.446321868896484375e+01 4.472651290893554688e+01 4.488983917236328125e+01 4.502717971801757812e+01 3.059999942779541016e+00
4.532317352294921875e+01 4.446811294555664062e+01 4.473030853271484375e+01 4.489197158813476562e+01 4.503042602539062500e+01 3.069999933242797852e+00
4.533950805664062500e+01 4.447303009033203125e+01 4.473374557495117188e+01 4.489414596557617188e+01 4.503342056274414062e+01 3.079999923706054688e+00
4.535507583618164062e+01 4.447865295410156250e+01 4.473680114746093750e+01 4.489675140380859375e+01 4.503683471679687500e+01 3.089999914169311523e+00
4.536939239501953125e+01 4.448374557495117188e+01 4.473993682861328125e+01 4.489945602416992188e+01 4.503966903686523438e+01 3.099999904632568359e+00
