9.323843002319335938e+00 7.432048320770263672e+00 6.618948459625244141e+00 6.193053722381591797e+00 5.980121612548828125e+00 0.000000000000000000e+00
4.403538131713867188e+01 4.214654541015625000e+01 4.131045913696289062e+01 4.088381576538085938e+01 4.067188644409179688e+01 9.999999776482582092e-03
4.493525695800781250e+01 4.305274200439453125e+01 4.219392013549804688e+01 4.176883697509765625e+01 4.155601501464843750e+01 1.999999955296516418e-02
4.561461257934570312e+01 4.372830200195312500e+01 4.284536743164062500e+01 4.241951751708984375e+01 4.220015716552734375e+01 2.999999932944774628e-02
4.612896728515625000e+01 4.423887634277343750e+01 4.333366394042968750e+01 4.290777587890625000e+01 4.268379592895507812e+01 3.999999910593032837e-02
4.658597564697265625e+01 4.468639373779296875e+01 4.375710678100585938e+01 4.332857894897460938e+01 4.309963989257812500e+01 4.999999701976776123e-02
4.695071029663085938e+01 4.504358673095703125e+01 4.409729385375976562e+01 4.366444015502929688e+01 4.342826080322265625e+01 5.999999865889549255e-02
4.730137634277343750e+01 4.537876892089843750e+01 4.441830825805664062e+01 4.397763442993164062e+01 4.373356628417968750e+01 7.000000029802322388e-02
4.758651733398437500e+01 4.565661239624023438e+01 4.468027496337890625e+01 4.423266601562500000e+01 4.398535537719726562e+01 7.999999821186065674e-02
4.787925338745117188e+01 4.593675613403320312e+01 4.493889236450195312e+01 4.448344421386718750e+01 4.423434448242187500e+01 8.999999612569808960e-02
4.811596679687500000e+01 4.616727066040039062e+01 4.514899063110351562e+01 4.469139480590820312e+01 4.443739318847656250e+01 9.999999403953552246e-02
4.837471771240234375e+01 4.640881729125976562e+01 4.536515426635742188e+01 4.490652847290039062e+01 4.464822769165039062e+01 1.099999994039535522e-01
4.858570861816406250e+01 4.660876846313476562e+01 4.554112625122070312e+01 4.508449935913085938e+01 4.481916427612304688e+01 1.199999973177909851e-01
4.882383346557617188e+01 4.682644653320312500e+01 4.573149871826171875e+01 4.527147293090820312e+01 4.500247573852539062e+01 1.299999952316284180e-01
4.901802825927734375e+01 4.700368881225585938e+01 4.588489913940429688e+01 4.542112350463867188e+01 4.515008163452148438e+01 1.400000005960464478e-01
4.910831069946289062e+01 4.706789016723632812e+01 4.592014694213867188e+01 4.544715118408203125e+01 4.517573547363281250e+01 1.499999910593032837e-01
4.945938110351562500e+01 4.739500427246093750e+01 4.621445083618164062e+01 4.573154449462890625e+01 4.546353912353515625e+01 1.599999964237213135e-01
4.962919998168945312e+01 4.754703521728515625e+01 4.633922958374023438e+01 4.584805679321289062e+01 4.558656692504882812e+01 1.700000017881393433e-01
4.983374786376953125e+01 4.772284317016601562e+01 4.648529815673828125e+01 4.598263549804687500e+01 4.572546386718750000e+01 1.799999922513961792e-01
4.998774719238281250e+01 4.786170578002929688e+01 4.659862899780273438e+01 4.608766555786132812e+01 4.583434295654296875e+01 1.899999976158142090e-01
5.017937088012695312e+01 4.802921295166015625e+01 4.673406219482421875e+01 4.621309280395507812e+01 4.595946884155273438e+01 1.999999880790710449e-01
5.032463836669921875e+01 4.815876770019531250e+01 4.683547210693359375e+01 4.630766677856445312e+01 4.605556106567382812e+01 2.099999934434890747e-01
5.050797271728515625e+01 4.831854248046875000e+01 4.695991516113281250e+01 4.642242813110351562e+01 4.617210388183593750e+01 2.199999988079071045e-01
5.069044876098632812e+01 4.847515487670898438e+01 4.707949829101562500e+01 4.653376007080078125e+01 4.628146743774414062e+01 2.299999892711639404e-01
5.082809448242187500e+01 4.859078216552734375e+01 4.716821670532226562e+01 4.661545181274414062e+01 4.636341476440429688e+01 2.399999946355819702e-01
5.100588989257812500e+01 4.873541641235351562e+01 4.728259658813476562e+01 4.671965026855468750e+01 4.646818542480468750e+01 2.500000000000000000e-01
5.113927078247070312e+01 4.883955764770507812e+01 4.736526107788085938e+01 4.679459381103515625e+01 4.654697799682617188e+01 2.599999904632568359e-01
5.123914718627929688e+01 4.890233230590820312e+01 4.740197753906250000e+01 4.681959533691406250e+01 4.657555007934570312e+01 2.699999809265136719e-01
5.148192977905273438e+01 4.910724258422851562e+01 4.758318328857421875e+01 4.698883819580078125e+01 4.674846267700195312e+01 2.800000011920928955e-01
5.160712814331054688e+01 4.919620513916015625e+01 4.765969467163085938e+01 4.705550384521484375e+01 4.681813430786132812e+01 2.899999916553497314e-01
5.171168899536132812e+01 4.925601959228515625e+01 4.769915008544921875e+01 4.708168029785156250e+01 4.684329223632812500e+01 2.999999821186065674e-01
5.193941497802734375e+01 4.944565582275390625e+01 4.786583328247070312e+01 4.723713684082031250e+01 4.699263763427734375e+01 3.100000023841857910e-01
5.205530548095703125e+01 4.952858352661132812e+01 4.793239974975585938e+01 4.729716110229492188e+01 4.704598999023437500e+01 3.199999928474426270e-01
5.220847702026367188e+01 4.964942169189453125e+01 4.802661132812500000e+01 4.738254547119140625e+01 4.712138748168945312e+01 3.299999833106994629e-01
5.231241607666015625e+01 4.972789382934570312e+01 4.808728790283203125e+01 4.743811035156250000e+01 4.717060852050781250e+01 3.400000035762786865e-01
5.244053268432617188e+01 4.984642791748046875e+01 4.817959594726562500e+01 4.752019500732421875e+01 4.724752807617187500e+01 3.499999940395355225e-01
5.256451797485351562e+01 4.996424865722656250e+01 4.827116775512695312e+01 4.760168838500976562e+01 4.732598876953125000e+01 3.599999845027923584e-01
5.264067840576171875e+01 5.004057693481445312e+01 4.832835388183593750e+01 4.765351104736328125e+01 4.737245178222656250e+01 3.700000047683715820e-01
5.274991989135742188e+01 5.015356063842773438e+01 4.841783523559570312e+01 4.773331832885742188e+01 4.744185638427734375e+01 3.799999952316284180e-01
5.286108779907226562e+01 5.025585937500000000e+01 4.850918960571289062e+01 4.781150436401367188e+01 4.751059722900390625e+01 3.899999856948852539e-01
5.293639373779296875e+01 5.031008911132812500e+01 4.856915664672851562e+01 4.785869598388671875e+01 4.755106353759765625e+01 3.999999761581420898e-01
5.305049896240234375e+01 5.040173339843750000e+01 4.866205596923828125e+01 4.793261337280273438e+01 4.761867904663085938e+01 4.099999964237213135e-01
5.316489028930664062e+01 5.049046325683593750e+01 4.875541305541992188e+01 4.800392913818359375e+01 4.768563461303710938e+01 4.199999868869781494e-01
5.328696823120117188e+01 5.057625961303710938e+01 4.885011291503906250e+01 4.807480239868164062e+01 4.775151824951171875e+01 4.299999773502349854e-01
5.336837005615234375e+01 5.061721801757812500e+01 4.891089248657226562e+01 4.811513900756835938e+01 4.778853607177734375e+01 4.399999976158142090e-01
5.348583984375000000e+01 5.070225524902343750e+01 4.900496292114257812e+01 4.818413925170898438e+01 4.784991455078125000e+01 4.499999880790710449e-01
5.359763336181640625e+01 5.078691864013671875e+01 4.909827423095703125e+01 4.825194931030273438e+01 4.791437149047851562e+01 4.599999785423278809e-01
5.366239929199218750e+01 5.082947540283203125e+01 4.915427398681640625e+01 4.828761291503906250e+01 4.794765472412109375e+01 4.699999988079071045e-01
5.375613021850585938e+01 5.091451644897460938e+01 4.924625778198242188e+01 4.835292053222656250e+01 4.800961303710937500e+01 4.799999892711639404e-01
5.383617401123046875e+01 5.100358963012695312e+01 4.933749389648437500e+01 4.841666030883789062e+01 4.807107162475585938e+01 4.899999797344207764e-01
5.387541961669921875e+01 5.104898071289062500e+01 4.938781738281250000e+01 4.844368743896484375e+01 4.809481048583984375e+01 5.000000000000000000e-01
5.394760513305664062e+01 5.114086151123046875e+01 4.947728729248046875e+01 4.850597381591796875e+01 4.815215682983398438e+01 5.099999904632568359e-01
5.401634216308593750e+01 5.123006057739257812e+01 4.956610107421875000e+01 4.856680679321289062e+01 4.820984268188476562e+01 5.199999809265136719e-01
5.408197021484375000e+01 5.131706619262695312e+01 4.965623474121093750e+01 4.862728118896484375e+01 4.826515579223632812e+01 5.299999713897705078e-01
5.411372375488281250e+01 5.136616897583007812e+01 4.971098327636718750e+01 4.865292358398437500e+01 4.828963470458984375e+01 5.399999618530273438e-01
5.415868377685546875e+01 5.143512725830078125e+01 4.978629684448242188e+01 4.870331192016601562e+01 4.834283828735351562e+01 5.500000119209289551e-01
5.422521972656250000e+01 5.151858139038085938e+01 4.987089157104492188e+01 4.876232147216796875e+01 4.840074539184570312e+01 5.600000023841857910e-01
5.429228591918945312e+01 5.160405731201171875e+01 4.995410156250000000e+01 4.882234573364257812e+01 4.845848464965820312e+01 5.699999928474426270e-01
5.429825592041015625e+01 5.163736343383789062e+01 4.999097061157226562e+01 4.884287643432617188e+01 4.847802734375000000e+01 5.799999833106994629e-01
5.436319732666015625e+01 5.172164154052734375e+01 5.007049179077148438e+01 4.890134429931640625e+01 4.853226470947265625e+01 5.899999737739562988e-01
5.439707946777343750e+01 5.177498245239257812e+01 5.011757659912109375e+01 4.892839431762695312e+01 4.855828857421875000e+01 5.999999642372131348e-01
5.448862457275390625e+01 5.189024353027343750e+01 5.022260665893554688e+01 4.901482391357421875e+01 4.864102172851562500e+01 6.100000143051147461e-01
5.447917175292968750e+01 5.192266082763671875e+01 5.025113677978515625e+01 4.903015518188476562e+01 4.865170288085937500e+01 6.200000047683715820e-01
5.454222869873046875e+01 5.200868225097656250e+01 5.032660675048828125e+01 4.908568954467773438e+01 4.870426559448242188e+01 6.299999952316284180e-01
5.460679244995117188e+01 5.209550476074218750e+01 5.040187835693359375e+01 4.914244842529296875e+01 4.875659179687500000e+01 6.399999856948852539e-01
5.467206192016601562e+01 5.218413543701171875e+01 5.047713088989257812e+01 4.919989013671875000e+01 4.880946350097656250e+01 6.499999761581420898e-01
5.467050552368164062e+01 5.221859359741210938e+01 5.050339508056640625e+01 4.921608352661132812e+01 4.882085800170898438e+01 6.599999666213989258e-01
5.474161911010742188e+01 5.231163787841796875e+01 5.057699966430664062e+01 4.927245712280273438e+01 4.886743545532226562e+01 6.699999570846557617e-01
5.481100845336914062e+01 5.240488433837890625e+01 5.065006637573242188e+01 4.932892608642578125e+01 4.891446685791015625e+01 6.800000071525573730e-01
5.488377380371093750e+01 5.249738311767578125e+01 5.072375488281250000e+01 4.938619613647460938e+01 4.896125030517578125e+01 6.899999976158142090e-01
5.488987350463867188e+01 5.252362442016601562e+01 5.074580001831054688e+01 4.940089797973632812e+01 4.896840286254882812e+01 6.999999880790710449e-01
5.496359634399414062e+01 5.260801696777343750e+01 5.082181930541992188e+01 4.945803451538085938e+01 4.901609802246093750e+01 7.099999785423278809e-01
5.503797912597656250e+01 5.269258499145507812e+01 5.089540863037109375e+01 4.951456451416015625e+01 4.906358718872070312e+01 7.199999690055847168e-01
5.510882186889648438e+01 5.277804565429687500e+01 5.096254730224609375e+01 4.957133865356445312e+01 4.910882568359375000e+01 7.299999594688415527e-01
5.518210220336914062e+01 5.286386108398437500e+01 5.102230072021484375e+01 4.963037490844726562e+01 4.915293502807617188e+01 7.400000095367431641e-01
5.518651580810546875e+01 5.288421630859375000e+01 5.102054977416992188e+01 4.964468765258789062e+01 4.915620040893554688e+01 7.500000000000000000e-01
5.525887680053710938e+01 5.297262191772460938e+01 5.107365417480468750e+01 4.970676040649414062e+01 4.920019912719726562e+01 7.599999904632568359e-01
5.532857131958007812e+01 5.306321716308593750e+01 5.112621688842773438e+01 4.976921081542968750e+01 4.924542236328125000e+01 7.699999809265136719e-01
5.539910888671875000e+01 5.315408706665039062e+01 5.117595672607421875e+01 4.983148574829101562e+01 4.928945541381835938e+01 7.799999713897705078e-01
5.546847915649414062e+01 5.324446868896484375e+01 5.122365951538085938e+01 4.989470291137695312e+01 4.933340454101562500e+01 7.899999618530273438e-01
5.545473861694335938e+01 5.325523376464843750e+01 5.120491409301757812e+01 4.989229583740234375e+01 4.931455230712890625e+01 7.999999523162841797e-01
5.552428054809570312e+01 5.334514617919921875e+01 5.125509643554687500e+01 4.995698928833007812e+01 4.935599136352539062e+01 8.100000023841857910e-01
5.559091186523437500e+01 5.343429565429687500e+01 5.130598449707031250e+01 5.002251434326171875e+01 4.940050125122070312e+01 8.199999928474426270e-01
5.565560531616210938e+01 5.352239227294921875e+01 5.135795211791992188e+01 5.008823013305664062e+01 4.944430541992187500e+01 8.299999833106994629e-01
5.571622848510742188e+01 5.361154556274414062e+01 5.140760040283203125e+01 5.015328979492187500e+01 4.948023986816406250e+01 8.399999737739562988e-01
5.570904922485351562e+01 5.361623764038085938e+01 5.139179229736328125e+01 5.015363311767578125e+01 4.946393203735351562e+01 8.499999642372131348e-01
5.576485061645507812e+01 5.370743179321289062e+01 5.144597625732421875e+01 5.021922683715820312e+01 4.951049423217773438e+01 8.599999547004699707e-01
5.581427764892578125e+01 5.379998397827148438e+01 5.150160598754882812e+01 5.028337478637695312e+01 4.955692291259765625e+01 8.700000047683715820e-01
5.586334991455078125e+01 5.389634704589843750e+01 5.155844497680664062e+01 5.034601593017578125e+01 4.960249710083007812e+01 8.799999952316284180e-01
5.591173934936523438e+01 5.399658584594726562e+01 5.161513900756835938e+01 5.040689849853515625e+01 4.964644241333007812e+01 8.899999856948852539e-01
5.589229965209960938e+01 5.400115203857421875e+01 5.159881591796875000e+01 5.040020751953125000e+01 4.962822341918945312e+01 8.999999761581420898e-01
5.593632888793945312e+01 5.409099197387695312e+01 5.165092849731445312e+01 5.045781707763671875e+01 4.967369079589843750e+01 9.099999666213989258e-01
5.597927474975585938e+01 5.417100906372070312e+01 5.170121002197265625e+01 5.051547622680664062e+01 4.972027969360351562e+01 9.199999570846557617e-01
5.601947021484375000e+01 5.424561309814453125e+01 5.175353240966796875e+01 5.057414627075195312e+01 4.976637268066406250e+01 9.300000071525573730e-01
5.605950927734375000e+01 5.431346511840820312e+01 5.180746459960937500e+01 5.063013458251953125e+01 4.981302261352539062e+01 9.399999976158142090e-01
5.609730911254882812e+01 5.437837982177734375e+01 5.186302566528320312e+01 5.068528366088867188e+01 4.985819625854492188e+01 9.499999880790710449e-01
5.605324554443359375e+01 5.432745361328125000e+01 5.184299087524414062e+01 5.066862487792968750e+01 4.983558273315429688e+01 9.599999785423278809e-01
5.608974838256835938e+01 5.437913131713867188e+01 5.189930725097656250e+01 5.072319793701171875e+01 4.988313674926757812e+01 9.699999690055847168e-01
5.612772369384765625e+01 5.443096923828125000e+01 5.195526504516601562e+01 5.078038787841796875e+01 4.993078231811523438e+01 9.799999594688415527e-01
5.616539001464843750e+01 5.448278045654296875e+01 5.201227569580078125e+01 5.083614349365234375e+01 4.997679519653320312e+01 9.899999499320983887e-01
5.620222854614257812e+01 5.453647613525390625e+01 5.206933975219726562e+01 5.089110183715820312e+01 5.002133560180664062e+01 1.000000000000000000e+00
5.623780059814453125e+01 5.459435272216796875e+01 5.212848281860351562e+01 5.094643402099609375e+01 5.006784820556640625e+01 1.009999990463256836e+00
5.614754486083984375e+01 5.453266906738281250e+01 5.209820938110351562e+01 5.091230010986328125e+01 5.003331375122070312e+01 1.019999980926513672e+00
5.618335723876953125e+01 5.460046005249023438e+01 5.215678024291992188e+01 5.096915054321289062e+01 5.008278656005859375e+01 1.029999971389770508e+00
5.621652984619140625e+01 5.467189025878906250e+01 5.221514511108398438e+01 5.102276992797851562e+01 5.013901901245117188e+01 1.039999961853027344e+00
5.625004959106445312e+01 5.474661636352539062e+01 5.227266311645507812e+01 5.107791900634765625e+01 5.018745803833007812e+01 1.049999952316284180e+00
5.628546905517578125e+01 5.483110046386718750e+01 5.233063125610351562e+01 5.113486480712890625e+01 5.024340820312500000e+01 1.059999942779541016e+00
5.630315017700195312e+01 5.489946746826171875e+01 5.237459564208984375e+01 5.117568206787109375e+01 5.028276824951171875e+01 1.069999933242797852e+00
5.633592224121093750e+01 5.498044586181640625e+01 5.243599319458007812e+01 5.123352050781250000e+01 5.033590698242187500e+01 1.079999923706054688e+00
5.630106353759765625e+01 5.494145202636718750e+01 5.241875839233398438e+01 5.121428680419921875e+01 5.032200622558593750e+01 1.090000033378601074e+00
5.633054351806640625e+01 5.500313568115234375e+01 5.248209381103515625e+01 5.126480102539062500e+01 5.037388610839843750e+01 1.100000023841857910e+00
5.635797500610351562e+01 5.505768585205078125e+01 5.254368209838867188e+01 5.130753707885742188e+01 5.043182754516601562e+01 1.110000014305114746e+00
5.638507080078125000e+01 5.510887145996093750e+01 5.260412597656250000e+01 5.134568405151367188e+01 5.048317718505859375e+01 1.120000004768371582e+00
5.640712738037109375e+01 5.515671157836914062e+01 5.266261291503906250e+01 5.138163757324218750e+01 5.053594207763671875e+01 1.129999995231628418e+00
5.643331146240234375e+01 5.520416259765625000e+01 5.272027206420898438e+01 5.141875076293945312e+01 5.058822631835937500e+01 1.139999985694885254e+00
5.645978164672851562e+01 5.525187683105468750e+01 5.277875137329101562e+01 5.145700836181640625e+01 5.064239883422851562e+01 1.149999976158142090e+00
5.643154907226562500e+01 5.515662765502929688e+01 5.273464584350585938e+01 5.140324020385742188e+01 5.060778045654296875e+01 1.159999966621398926e+00
5.645636367797851562e+01 5.519661712646484375e+01 5.279461288452148438e+01 5.143999862670898438e+01 5.065183639526367188e+01 1.169999957084655762e+00
5.648252105712890625e+01 5.523472213745117188e+01 5.285612106323242188e+01 5.147604751586914062e+01 5.070154190063476562e+01 1.179999947547912598e+00
5.650719833374023438e+01 5.527163314819335938e+01 5.291987609863281250e+01 5.150993347167968750e+01 5.074397277832031250e+01 1.189999938011169434e+00
5.651755523681640625e+01 5.529682540893554688e+01 5.297325134277343750e+01 5.153318405151367188e+01 5.077956008911132812e+01 1.199999928474426270e+00
5.654199600219726562e+01 5.533620834350585938e+01 5.303855514526367188e+01 5.157009887695312500e+01 5.081806182861328125e+01 1.209999918937683105e+00
5.658002471923828125e+01 5.539042282104492188e+01 5.311648178100585938e+01 5.161907196044921875e+01 5.087608718872070312e+01 1.220000028610229492e+00
5.660661315917968750e+01 5.543530654907226562e+01 5.318220901489257812e+01 5.165492630004882812e+01 5.092297363281250000e+01 1.230000019073486328e+00
5.655564880371093750e+01 5.522166442871093750e+01 5.303235626220703125e+01 5.151871109008789062e+01 5.081475448608398438e+01 1.240000009536743164e+00
5.658098983764648438e+01 5.526966857910156250e+01 5.309574508666992188e+01 5.155437088012695312e+01 5.085927581787109375e+01 1.250000000000000000e+00
5.660401153564453125e+01 5.531659317016601562e+01 5.316079330444335938e+01 5.159194183349609375e+01 5.090548324584960938e+01 1.259999990463256836e+00
5.662513732910156250e+01 5.536088562011718750e+01 5.322468566894531250e+01 5.163090896606445312e+01 5.095034790039062500e+01 1.269999980926513672e+00
5.664962005615234375e+01 5.539876556396484375e+01 5.329085540771484375e+01 5.167115783691406250e+01 5.099504470825195312e+01 1.279999971389770508e+00
5.667438125610351562e+01 5.543448257446289062e+01 5.335732269287109375e+01 5.171179962158203125e+01 5.104162597656250000e+01 1.289999961853027344e+00
5.669845962524414062e+01 5.546688842773437500e+01 5.342374801635742188e+01 5.175169372558593750e+01 5.108792495727539062e+01 1.299999952316284180e+00
5.666788482666015625e+01 5.540302658081054688e+01 5.340776062011718750e+01 5.172048187255859375e+01 5.106802749633789062e+01 1.309999942779541016e+00
5.668992233276367188e+01 5.543565750122070312e+01 5.347703170776367188e+01 5.175735092163085938e+01 5.110827636718750000e+01 1.319999933242797852e+00
5.671164321899414062e+01 5.546781158447265625e+01 5.354713058471679688e+01 5.179258346557617188e+01 5.115643310546875000e+01 1.329999923706054688e+00
5.673215103149414062e+01 5.550251388549804688e+01 5.362052154541015625e+01 5.182709884643554688e+01 5.119923400878906250e+01 1.339999914169311523e+00
5.673126983642578125e+01 5.549419021606445312e+01 5.365908050537109375e+01 5.182823181152343750e+01 5.121201324462890625e+01 1.350000023841857910e+00
5.675252914428710938e+01 5.553268432617187500e+01 5.373517990112304688e+01 5.186468505859375000e+01 5.125959777832031250e+01 1.360000014305114746e+00
5.677251815795898438e+01 5.557464599609375000e+01 5.381051254272460938e+01 5.190141296386718750e+01 5.130976486206054688e+01 1.370000004768371582e+00
5.679521560668945312e+01 5.561991500854492188e+01 5.388096618652343750e+01 5.193797302246093750e+01 5.135850524902343750e+01 1.379999995231628418e+00
5.671039962768554688e+01 5.554329681396484375e+01 5.386262512207031250e+01 5.191126632690429688e+01 5.133570098876953125e+01 1.389999985694885254e+00
5.673087692260742188e+01 5.559270477294921875e+01 5.392374420166015625e+01 5.194776535034179688e+01 5.135508728027343750e+01 1.399999976158142090e+00
5.675254821777343750e+01 5.564215850830078125e+01 5.397770309448242188e+01 5.198450088500976562e+01 5.138910675048828125e+01 1.409999966621398926e+00
5.677330017089843750e+01 5.568986511230468750e+01 5.402975845336914062e+01 5.202257537841796875e+01 5.140595245361328125e+01 1.419999957084655762e+00
5.679691696166992188e+01 5.564768218994140625e+01 5.399289321899414062e+01 5.199151229858398438e+01 5.136962890625000000e+01 1.429999947547912598e+00
5.681837081909179688e+01 5.569879531860351562e+01 5.403499603271484375e+01 5.203223800659179688e+01 5.140201568603515625e+01 1.439999938011169434e+00
5.683988952636718750e+01 5.575092315673828125e+01 5.406776428222656250e+01 5.207408523559570312e+01 5.142867660522460938e+01 1.449999928474426270e+00
5.686038589477539062e+01 5.580371475219726562e+01 5.409912872314453125e+01 5.211755371093750000e+01 5.146196365356445312e+01 1.459999918937683105e+00
5.687599945068359375e+01 5.575304412841796875e+01 5.404018783569335938e+01 5.208927917480468750e+01 5.142478179931640625e+01 1.469999909400939941e+00
5.689617538452148438e+01 5.580749130249023438e+01 5.407173156738281250e+01 5.213448333740234375e+01 5.145047760009765625e+01 1.480000019073486328e+00
5.691580581665039062e+01 5.586339569091796875e+01 5.410370254516601562e+01 5.217972946166992188e+01 5.147846603393554688e+01 1.490000009536743164e+00
5.693493270874023438e+01 5.592099761962890625e+01 5.413666915893554688e+01 5.222595977783203125e+01 5.151481246948242188e+01 1.500000000000000000e+00
5.695559310913085938e+01 5.587514877319335938e+01 5.408029174804687500e+01 5.220171737670898438e+01 5.147750091552734375e+01 1.509999990463256836e+00
5.697712326049804688e+01 5.593410110473632812e+01 5.411372375488281250e+01 5.224996948242187500e+01 5.151271820068359375e+01 1.519999980926513672e+00
5.699849319458007812e+01 5.599547958374023438e+01 5.415446472167968750e+01 5.229728698730468750e+01 5.154290771484375000e+01 1.529999971389770508e+00
5.701610946655273438e+01 5.605635452270507812e+01 5.419599914550781250e+01 5.234546661376953125e+01 5.157086944580078125e+01 1.539999961853027344e+00
5.705213165283203125e+01 5.599831771850585938e+01 5.414264678955078125e+01 5.231728363037109375e+01 5.153041076660156250e+01 1.549999952316284180e+00
5.706699371337890625e+01 5.605983734130859375e+01 5.419314956665039062e+01 5.236299896240234375e+01 5.156090927124023438e+01 1.559999942779541016e+00
5.708633804321289062e+01 5.612318801879882812e+01 5.424453353881835938e+01 5.240682220458984375e+01 5.159137344360351562e+01 1.569999933242797852e+00
5.710723114013671875e+01 5.618827438354492188e+01 5.429973983764648438e+01 5.244752502441406250e+01 5.162336730957031250e+01 1.579999923706054688e+00
5.712361526489257812e+01 5.610665130615234375e+01 5.423636627197265625e+01 5.240472412109375000e+01 5.158438491821289062e+01 1.589999914169311523e+00
5.714769363403320312e+01 5.617473220825195312e+01 5.428517913818359375e+01 5.244244003295898438e+01 5.162025833129882812e+01 1.599999904632568359e+00
5.716988754272460938e+01 5.624321365356445312e+01 5.432716751098632812e+01 5.248027420043945312e+01 5.165151977539062500e+01 1.610000014305114746e+00
5.719258117675781250e+01 5.631585693359375000e+01 5.436243057250976562e+01 5.251842498779296875e+01 5.168304061889648438e+01 1.620000004768371582e+00
5.721962738037109375e+01 5.638786697387695312e+01 5.439134979248046875e+01 5.255879592895507812e+01 5.171223831176757812e+01 1.629999995231628418e+00
5.725092697143554688e+01 5.630600738525390625e+01 5.429216384887695312e+01 5.251264953613281250e+01 5.166445922851562500e+01 1.639999985694885254e+00
5.727710723876953125e+01 5.637454605102539062e+01 5.431659698486328125e+01 5.255542755126953125e+01 5.169107055664062500e+01 1.649999976158142090e+00
5.730315399169921875e+01 5.643887329101562500e+01 5.434046936035156250e+01 5.259873580932617188e+01 5.171605682373046875e+01 1.659999966621398926e+00
5.732678985595703125e+01 5.649800491333007812e+01 5.436685562133789062e+01 5.264447784423828125e+01 5.174497604370117188e+01 1.669999957084655762e+00
5.735039520263671875e+01 5.655383300781250000e+01 5.439298248291015625e+01 5.269091033935546875e+01 5.177774429321289062e+01 1.679999947547912598e+00
5.736480331420898438e+01 5.644158935546875000e+01 5.428268814086914062e+01 5.264346694946289062e+01 5.172833251953125000e+01 1.689999938011169434e+00
5.739037704467773438e+01 5.649354934692382812e+01 5.430683135986328125e+01 5.269023895263671875e+01 5.175782775878906250e+01 1.699999928474426270e+00
5.741635131835937500e+01 5.654427337646484375e+01 5.432986450195312500e+01 5.273848724365234375e+01 5.178826904296875000e+01 1.709999918937683105e+00
5.742728042602539062e+01 5.655029296875000000e+01 5.432094573974609375e+01 5.276601791381835938e+01 5.180018997192382812e+01 1.719999909400939941e+00
5.745487213134765625e+01 5.660100555419921875e+01 5.434362792968750000e+01 5.281404495239257812e+01 5.182915878295898438e+01 1.730000019073486328e+00
5.743493270874023438e+01 5.649911117553710938e+01 5.425953674316406250e+01 5.278996658325195312e+01 5.179502105712890625e+01 1.740000009536743164e+00
5.746202850341796875e+01 5.655109786987304688e+01 5.428209304809570312e+01 5.283838653564453125e+01 5.182177734375000000e+01 1.750000000000000000e+00
5.748622131347656250e+01 5.660351562500000000e+01 5.430754852294921875e+01 5.288715362548828125e+01 5.185209655761718750e+01 1.759999990463256836e+00
5.750429534912109375e+01 5.665641784667968750e+01 5.433414840698242188e+01 5.293657302856445312e+01 5.188508987426757812e+01 1.769999980926513672e+00
5.751908874511718750e+01 5.671017074584960938e+01 5.436210632324218750e+01 5.298527145385742188e+01 5.191857528686523438e+01 1.779999971389770508e+00
5.753948593139648438e+01 5.676220321655273438e+01 5.439291763305664062e+01 5.303437423706054688e+01 5.194994354248046875e+01 1.789999961853027344e+00
5.755092239379882812e+01 5.681558609008789062e+01 5.442393112182617188e+01 5.308269119262695312e+01 5.199005508422851562e+01 1.799999952316284180e+00
5.745668792724609375e+01 5.647156143188476562e+01 5.416006851196289062e+01 5.292356872558593750e+01 5.185908508300781250e+01 1.809999942779541016e+00
5.747795867919921875e+01 5.652244567871093750e+01 5.418941497802734375e+01 5.296862030029296875e+01 5.188903427124023438e+01 1.819999933242797852e+00
5.749381256103515625e+01 5.657034683227539062e+01 5.421628570556640625e+01 5.301531982421875000e+01 5.191962051391601562e+01 1.829999923706054688e+00
5.751124954223632812e+01 5.661672210693359375e+01 5.424048614501953125e+01 5.306131744384765625e+01 5.195732879638671875e+01 1.839999914169311523e+00
5.753110122680664062e+01 5.666161727905273438e+01 5.426408386230468750e+01 5.310919952392578125e+01 5.199876022338867188e+01 1.849999904632568359e+00
5.755125045776367188e+01 5.670691299438476562e+01 5.428443908691406250e+01 5.315800094604492188e+01 5.204442596435546875e+01 1.860000014305114746e+00
5.756399917602539062e+01 5.675364685058593750e+01 5.430398941040039062e+01 5.320912551879882812e+01 5.208501434326171875e+01 1.870000004768371582e+00
5.757949066162109375e+01 5.680097961425781250e+01 5.432301712036132812e+01 5.325994873046875000e+01 5.212270736694335938e+01 1.879999995231628418e+00
5.759875869750976562e+01 5.684928512573242188e+01 5.434186935424804688e+01 5.331024169921875000e+01 5.216031265258789062e+01 1.889999985694885254e+00
5.710900497436523438e+01 5.636071777343750000e+01 5.404401016235351562e+01 5.312726974487304688e+01 5.202369689941406250e+01 1.899999976158142090e+00
5.712542343139648438e+01 5.640747070312500000e+01 5.406212615966796875e+01 5.317477035522460938e+01 5.206361770629882812e+01 1.909999966621398926e+00
5.713921737670898438e+01 5.645443725585937500e+01 5.408129501342773438e+01 5.321826553344726562e+01 5.209903335571289062e+01 1.919999957084655762e+00
5.715320205688476562e+01 5.650008010864257812e+01 5.410163879394531250e+01 5.325997161865234375e+01 5.212888336181640625e+01 1.929999947547912598e+00
5.716508102416992188e+01 5.654555892944335938e+01 5.412183380126953125e+01 5.329977035522460938e+01 5.215780258178710938e+01 1.939999938011169434e+00
5.717603302001953125e+01 5.658938980102539062e+01 5.414404678344726562e+01 5.333879089355468750e+01 5.218929290771484375e+01 1.949999928474426270e+00
5.718885040283203125e+01 5.663296890258789062e+01 5.416856384277343750e+01 5.337620925903320312e+01 5.222016906738281250e+01 1.959999918937683105e+00
5.720095443725585938e+01 5.667443084716796875e+01 5.419486236572265625e+01 5.340686798095703125e+01 5.224938201904296875e+01 1.969999909400939941e+00
5.721509552001953125e+01 5.671465301513671875e+01 5.422272491455078125e+01 5.343127441406250000e+01 5.227711105346679688e+01 1.979999899864196777e+00
5.722929000854492188e+01 5.645056533813476562e+01 5.394093322753906250e+01 5.320809936523437500e+01 5.210722732543945312e+01 1.990000009536743164e+00
5.724355697631835938e+01 5.649800872802734375e+01 5.396950531005859375e+01 5.322747802734375000e+01 5.214059448242187500e+01 2.000000000000000000e+00
5.725804138183593750e+01 5.654650878906250000e+01 5.399824523925781250e+01 5.324788665771484375e+01 5.216904830932617188e+01 2.009999990463256836e+00
5.727114868164062500e+01 5.659666061401367188e+01 5.402723693847656250e+01 5.326991653442382812e+01 5.219802474975585938e+01 2.019999980926513672e+00
5.728371429443359375e+01 5.664700698852539062e+01 5.405530548095703125e+01 5.329111862182617188e+01 5.222988128662109375e+01 2.029999971389770508e+00
5.729588699340820312e+01 5.670001983642578125e+01 5.408398818969726562e+01 5.331147384643554688e+01 5.226576232910156250e+01 2.039999961853027344e+00
5.730742645263671875e+01 5.675506973266601562e+01 5.411295318603515625e+01 5.333538818359375000e+01 5.230495452880859375e+01 2.049999952316284180e+00
5.731986999511718750e+01 5.680907058715820312e+01 5.414261627197265625e+01 5.335905456542968750e+01 5.234545135498046875e+01 2.059999942779541016e+00
5.732954406738281250e+01 5.686169052124023438e+01 5.417218017578125000e+01 5.338437271118164062e+01 5.238514328002929688e+01 2.069999933242797852e+00
5.769782638549804688e+01 5.671036148071289062e+01 5.387413406372070312e+01 5.316853713989257812e+01 5.224053573608398438e+01 2.079999923706054688e+00
5.771100234985351562e+01 5.677813339233398438e+01 5.390208435058593750e+01 5.319592666625976562e+01 5.227684783935546875e+01 2.089999914169311523e+00
5.772506713867187500e+01 5.684709930419921875e+01 5.393006515502929688e+01 5.322594070434570312e+01 5.231295013427734375e+01 2.099999904632568359e+00
5.773977279663085938e+01 5.691428375244140625e+01 5.395903015136718750e+01 5.325566864013671875e+01 5.234820556640625000e+01 2.109999895095825195e+00
5.775189590454101562e+01 5.698157882690429688e+01 5.398857879638671875e+01 5.328581619262695312e+01 5.238461685180664062e+01 2.119999885559082031e+00
5.775889205932617188e+01 5.704585266113281250e+01 5.401395034790039062e+01 5.331137084960937500e+01 5.241371917724609375e+01 2.129999876022338867e+00
5.777059173583984375e+01 5.711689376831054688e+01 5.404449462890625000e+01 5.334376144409179688e+01 5.245182037353515625e+01 2.139999866485595703e+00
5.778190994262695312e+01 5.718834686279296875e+01 5.407625579833984375e+01 5.337429809570312500e+01 5.249023818969726562e+01 2.149999856948852539e+00
5.779428863525390625e+01 5.726017761230468750e+01 5.410733413696289062e+01 5.340525054931640625e+01 5.252984237670898438e+01 2.159999847412109375e+00
5.778629684448242188e+01 5.687957763671875000e+01 5.374441528320312500e+01 5.314869689941406250e+01 5.236689758300781250e+01 2.169999837875366211e+00
5.780339050292968750e+01 5.696746444702148438e+01 5.377759170532226562e+01 5.317561340332031250e+01 5.241056442260742188e+01 2.180000066757202148e+00
5.781829452514648438e+01 5.705016708374023438e+01 5.380653381347656250e+01 5.319335556030273438e+01 5.244239807128906250e+01 2.190000057220458984e+00
5.783104705810546875e+01 5.712929916381835938e+01 5.383514022827148438e+01 5.320825576782226562e+01 5.247575378417968750e+01 2.200000047683715820e+00
5.784665298461914062e+01 5.720913314819335938e+01 5.386465835571289062e+01 5.322227096557617188e+01 5.250855255126953125e+01 2.210000038146972656e+00
5.786208343505859375e+01 5.728738784790039062e+01 5.389350128173828125e+01 5.323645019531250000e+01 5.254176712036132812e+01 2.220000028610229492e+00
5.787661361694335938e+01 5.736485290527343750e+01 5.392395019531250000e+01 5.324977111816406250e+01 5.257527923583984375e+01 2.230000019073486328e+00
5.785512542724609375e+01 5.688492965698242188e+01 5.353727722167968750e+01 5.297384643554687500e+01 5.238753509521484375e+01 2.240000009536743164e+00
5.787033081054687500e+01 5.696552658081054688e+01 5.356581115722656250e+01 5.298707199096679688e+01 5.242025756835937500e+01 2.250000000000000000e+00
5.788430023193359375e+01 5.705396652221679688e+01 5.359470367431640625e+01 5.299829864501953125e+01 5.245346832275390625e+01 2.259999990463256836e+00
5.789883422851562500e+01 5.713888168334960938e+01 5.362455749511718750e+01 5.300956726074218750e+01 5.248300170898437500e+01 2.269999980926513672e+00
5.791399002075195312e+01 5.722031784057617188e+01 5.365604400634765625e+01 5.302022171020507812e+01 5.251086425781250000e+01 2.279999971389770508e+00
5.793029785156250000e+01 5.729307174682617188e+01 5.368785095214843750e+01 5.302848815917968750e+01 5.253865814208984375e+01 2.289999961853027344e+00
5.794645309448242188e+01 5.736153793334960938e+01 5.372043991088867188e+01 5.303574371337890625e+01 5.256859207153320312e+01 2.299999952316284180e+00
5.790609359741210938e+01 5.664176177978515625e+01 5.329981994628906250e+01 5.273606109619140625e+01 5.235180282592773438e+01 2.309999942779541016e+00
5.792340087890625000e+01 5.670043563842773438e+01 5.332957458496093750e+01 5.274285125732421875e+01 5.237955474853515625e+01 2.319999933242797852e+00
5.794094085693359375e+01 5.675722122192382812e+01 5.335858535766601562e+01 5.275024032592773438e+01 5.240382766723632812e+01 2.329999923706054688e+00
5.795792007446289062e+01 5.680964660644531250e+01 5.338750457763671875e+01 5.275881958007812500e+01 5.243233108520507812e+01 2.339999914169311523e+00
5.797636413574218750e+01 5.686307525634765625e+01 5.341720199584960938e+01 5.276768875122070312e+01 5.246310806274414062e+01 2.349999904632568359e+00
5.799517822265625000e+01 5.691481781005859375e+01 5.344664764404296875e+01 5.277738952636718750e+01 5.249336624145507812e+01 2.359999895095825195e+00
5.801344299316406250e+01 5.696725082397460938e+01 5.347632217407226562e+01 5.278819274902343750e+01 5.251772689819335938e+01 2.369999885559082031e+00
5.791887283325195312e+01 5.607066726684570312e+01 5.304822540283203125e+01 5.248964691162109375e+01 5.226758193969726562e+01 2.379999876022338867e+00
5.793119049072265625e+01 5.611904907226562500e+01 5.306904602050781250e+01 5.249559020996093750e+01 5.226671600341796875e+01 2.389999866485595703e+00
5.794683456420898438e+01 5.617438888549804688e+01 5.309427261352539062e+01 5.250686645507812500e+01 5.227123260498046875e+01 2.399999856948852539e+00
5.796428680419921875e+01 5.623284530639648438e+01 5.311999893188476562e+01 5.251844406127929688e+01 5.228913497924804688e+01 2.409999847412109375e+00
5.798160934448242188e+01 5.629429626464843750e+01 5.314586257934570312e+01 5.252943420410156250e+01 5.230960083007812500e+01 2.419999837875366211e+00
5.800014495849609375e+01 5.635814666748046875e+01 5.317201995849609375e+01 5.254072189331054688e+01 5.233005142211914062e+01 2.429999828338623047e+00
5.787229537963867188e+01 5.548885345458984375e+01 5.279661941528320312e+01 5.226669692993164062e+01 5.209679031372070312e+01 2.440000057220458984e+00
5.788964080810546875e+01 5.554650497436523438e+01 5.282064437866210938e+01 5.227586364746093750e+01 5.210944366455078125e+01 2.450000047683715820e+00
5.790812301635742188e+01 5.560705184936523438e+01 5.284537124633789062e+01 5.228315734863281250e+01 5.211897659301757812e+01 2.460000038146972656e+00
5.792776870727539062e+01 5.566485595703125000e+01 5.286962890625000000e+01 5.228987884521484375e+01 5.213494110107421875e+01 2.470000028610229492e+00
5.794751358032226562e+01 5.572432708740234375e+01 5.289527893066406250e+01 5.229617691040039062e+01 5.215140151977539062e+01 2.480000019073486328e+00
5.796728515625000000e+01 5.578126525878906250e+01 5.292123794555664062e+01 5.230122375488281250e+01 5.216453552246093750e+01 2.490000009536743164e+00
5.784690475463867188e+01 5.487964630126953125e+01 5.253899002075195312e+01 5.201492309570312500e+01 5.191083145141601562e+01 2.500000000000000000e+00
5.786616134643554688e+01 5.492446517944335938e+01 5.256166076660156250e+01 5.202000808715820312e+01 5.192694091796875000e+01 2.509999990463256836e+00
5.788594818115234375e+01 5.496884155273437500e+01 5.258377456665039062e+01 5.202500534057617188e+01 5.194213867187500000e+01 2.519999980926513672e+00
5.790568923950195312e+01 5.501304244995117188e+01 5.260616683959960938e+01 5.203012847900390625e+01 5.195872497558593750e+01 2.529999971389770508e+00
5.792547607421875000e+01 5.505874252319335938e+01 5.262839889526367188e+01 5.203610229492187500e+01 5.197732162475585938e+01 2.539999961853027344e+00
5.794553756713867188e+01 5.510271072387695312e+01 5.265050888061523438e+01 5.204220199584960938e+01 5.199499130249023438e+01 2.549999952316284180e+00
5.778932571411132812e+01 5.426295852661132812e+01 5.227141189575195312e+01 5.175677108764648438e+01 5.173054885864257812e+01 2.559999942779541016e+00
5.780838775634765625e+01 5.430068206787109375e+01 5.229106903076171875e+01 5.176261520385742188e+01 5.174518966674804688e+01 2.569999933242797852e+00
5.782749557495117188e+01 5.433713150024414062e+01 5.231074905395507812e+01 5.176888656616210938e+01 5.176104736328125000e+01 2.579999923706054688e+00
5.784680557250976562e+01 5.437344360351562500e+01 5.233040618896484375e+01 5.177537155151367188e+01 5.177897644042968750e+01 2.589999914169311523e+00
5.786738967895507812e+01 5.440954589843750000e+01 5.234995269775390625e+01 5.178242492675781250e+01 5.179254531860351562e+01 2.599999904632568359e+00
5.767285537719726562e+01 5.372933578491210938e+01 5.200948333740234375e+01 5.152062988281250000e+01 5.154422760009765625e+01 2.609999895095825195e+00
5.769234848022460938e+01 5.376269912719726562e+01 5.202734375000000000e+01 5.152860641479492188e+01 5.155331420898437500e+01 2.619999885559082031e+00
5.771128082275390625e+01 5.379771804809570312e+01 5.204530334472656250e+01 5.153740310668945312e+01 5.155968093872070312e+01 2.629999876022338867e+00
5.773042678833007812e+01 5.383137512207031250e+01 5.206305313110351562e+01 5.154610443115234375e+01 5.156591033935546875e+01 2.639999866485595703e+00
5.754190444946289062e+01 5.330627441406250000e+01 5.176090240478515625e+01 5.130838012695312500e+01 5.133511352539062500e+01 2.649999856948852539e+00
5.755991363525390625e+01 5.333992004394531250e+01 5.177649688720703125e+01 5.131743240356445312e+01 5.134389495849609375e+01 2.659999847412109375e+00
5.757910919189453125e+01 5.337389373779296875e+01 5.179212570190429688e+01 5.132635498046875000e+01 5.135354232788085938e+01 2.669999837875366211e+00
5.759955215454101562e+01 5.340868377685546875e+01 5.180756378173828125e+01 5.133528137207031250e+01 5.136286163330078125e+01 2.679999828338623047e+00
5.761968231201171875e+01 5.344408798217773438e+01 5.182214355468750000e+01 5.134407424926757812e+01 5.137199783325195312e+01 2.690000057220458984e+00
5.741456222534179688e+01 5.294503784179687500e+01 5.151077270507812500e+01 5.109088516235351562e+01 5.112688064575195312e+01 2.700000047683715820e+00
5.743437194824218750e+01 5.297728729248046875e+01 5.152435684204101562e+01 5.109938049316406250e+01 5.113301467895507812e+01 2.710000038146972656e+00
5.745570373535156250e+01 5.300965499877929688e+01 5.153764343261718750e+01 5.110813903808593750e+01 5.113967132568359375e+01 2.720000028610229492e+00
5.747549057006835938e+01 5.304224777221679688e+01 5.155049896240234375e+01 5.111689758300781250e+01 5.114463806152343750e+01 2.730000019073486328e+00
5.719717788696289062e+01 5.253107452392578125e+01 5.121929168701171875e+01 5.084196472167968750e+01 5.087813568115234375e+01 2.740000009536743164e+00
5.721893310546875000e+01 5.256238555908203125e+01 5.123181533813476562e+01 5.085057830810546875e+01 5.088391113281250000e+01 2.750000000000000000e+00
5.724151229858398438e+01 5.259385681152343750e+01 5.124451828002929688e+01 5.085944366455078125e+01 5.088767623901367188e+01 2.759999990463256836e+00
5.688560867309570312e+01 5.215499114990234375e+01 5.093794631958007812e+01 5.059902954101562500e+01 5.063293457031250000e+01 2.769999980926513672e+00
5.691425323486328125e+01 5.218558120727539062e+01 5.094947052001953125e+01 5.060762023925781250e+01 5.063803100585937500e+01 2.779999971389770508e+00
5.694225311279296875e+01 5.221761703491210938e+01 5.096174240112304688e+01 5.061648559570312500e+01 5.064577865600585938e+01 2.789999961853027344e+00
5.696878433227539062e+01 5.224841690063476562e+01 5.097351074218750000e+01 5.062541198730468750e+01 5.065194702148437500e+01 2.799999952316284180e+00
5.663257217407226562e+01 5.188588714599609375e+01 5.070435333251953125e+01 5.039094924926757812e+01 5.042105102539062500e+01 2.809999942779541016e+00
5.666941452026367188e+01 5.191564559936523438e+01 5.071543121337890625e+01 5.039930725097656250e+01 5.042629241943359375e+01 2.819999933242797852e+00
5.670526123046875000e+01 5.194664764404296875e+01 5.072673034667968750e+01 5.040776443481445312e+01 5.043028640747070312e+01 2.829999923706054688e+00
5.639519882202148438e+01 5.164122009277343750e+01 5.049676513671875000e+01 5.020573806762695312e+01 5.022929763793945312e+01 2.839999914169311523e+00
5.643807220458984375e+01 5.167062759399414062e+01 5.050674057006835938e+01 5.021378326416015625e+01 5.023355484008789062e+01 2.849999904632568359e+00
5.617185592651367188e+01 5.141382980346679688e+01 5.030161285400390625e+01 5.003257369995117188e+01 5.005380249023437500e+01 2.859999895095825195e+00
5.622013854980468750e+01 5.144200897216796875e+01 5.031084060668945312e+01 5.004075622558593750e+01 5.005906295776367188e+01 2.869999885559082031e+00
5.627171325683593750e+01 5.146941757202148438e+01 5.031998443603515625e+01 5.004873657226562500e+01 5.006473922729492188e+01 2.879999876022338867e+00
5.603464508056640625e+01 5.122381210327148438e+01 5.012329483032226562e+01 4.987318801879882812e+01 4.988938903808593750e+01 2.889999866485595703e+00
5.609247207641601562e+01 5.125205230712890625e+01 5.013246917724609375e+01 4.988127899169921875e+01 4.989303970336914062e+01 2.899999856948852539e+00
5.578537368774414062e+01 5.097338485717773438e+01 4.991745758056640625e+01 4.969112014770507812e+01 4.970141983032226562e+01 2.909999847412109375e+00
5.584715652465820312e+01 5.100068664550781250e+01 4.992586135864257812e+01 4.969906997680664062e+01 4.970610046386718750e+01 2.919999837875366211e+00
5.554631042480468750e+01 5.072934341430664062e+01 4.972012710571289062e+01 4.951760482788085938e+01 4.952196884155273438e+01 2.929999828338623047e+00
5.561081695556640625e+01 5.075565338134765625e+01 4.972772598266601562e+01 4.952583312988281250e+01 4.952498626708984375e+01 2.939999818801879883e+00
5.535980224609375000e+01 5.050955963134765625e+01 4.953958892822265625e+01 4.936003875732421875e+01 4.935531997680664062e+01 2.950000047683715820e+00
5.511704254150390625e+01 5.028677368164062500e+01 4.936836624145507812e+01 4.920833587646484375e+01 4.920133590698242188e+01 2.960000038146972656e+00
5.519893264770507812e+01 5.030995941162109375e+01 4.937496948242187500e+01 4.921653366088867188e+01 4.920541763305664062e+01 2.970000028610229492e+00
5.492569732666015625e+01 5.007394790649414062e+01 4.919606399536132812e+01 4.905750274658203125e+01 4.904169845581054688e+01 2.980000019073486328e+00
5.464341354370117188e+01 4.983224105834960938e+01 4.901868057250976562e+01 4.890005493164062500e+01 4.888057708740234375e+01 2.990000009536743164e+00
5.438910293579101562e+01 4.961250305175781250e+01 4.885758590698242188e+01 4.875617599487304688e+01 4.873423767089843750e+01 3.000000000000000000e+00
5.415885925292968750e+01 4.939448928833007812e+01 4.869540786743164062e+01 4.860976028442382812e+01 4.858526229858398438e+01 3.009999990463256836e+00
5.390704727172851562e+01 4.916890716552734375e+01 4.853260421752929688e+01 4.846126937866210938e+01 4.843458938598632812e+01 3.019999980926513672e+00
5.376797103881835938e+01 4.902197647094726562e+01 4.842554092407226562e+01 4.836322402954101562e+01 4.833525466918945312e+01 3.029999971389770508e+00
5.340156936645507812e+01 4.872045516967773438e+01 4.820864868164062500e+01 4.816036605834960938e+01 4.813144683837890625e+01 3.039999961853027344e+00
5.283147048950195312e+01 4.831922912597656250e+01 4.792523574829101562e+01 4.789120101928710938e+01 4.786361312866210938e+01 3.049999952316284180e+00
5.234840774536132812e+01 4.795661544799804688e+01 4.766319656372070312e+01 4.764117431640625000e+01 4.761713027954101562e+01 3.059999942779541016e+00
5.145127105712890625e+01 4.736811447143554688e+01 4.721554946899414062e+01 4.720597457885742188e+01 4.718912506103515625e+01 3.069999933242797852e+00
5.040644073486328125e+01 4.669354248046875000e+01 4.666159057617187500e+01 4.666352081298828125e+01 4.665659713745117188e+01 3.079999923706054688e+00
4.842539978027343750e+01 4.553716659545898438e+01 4.551329803466796875e+01 4.550874328613281250e+01 4.550846481323242188e+01 3.089999914169311523e+00
4.536939239501953125e+01 4.448374557495117188e+01 4.473993682861328125e+01 4.489945602416992188e+01 4.503966903686523438e+01 3.099999904632568359e+00
